-10 -2810.0
-9.99 -2801.4
-9.98 -2792.82
-9.97 -2784.25
-9.96 -2775.7
-9.95 -2767.16
-9.94 -2758.65
-9.93 -2750.16
-9.92 -2741.68
-9.91 -2733.22
-9.9 -2724.78
-9.89 -2716.36
-9.88 -2707.94
-9.87 -2699.55
-9.86 -2691.18
-9.85 -2682.81
-9.84 -2674.48
-9.83 -2666.16
-9.82 -2657.86
-9.81 -2649.57
-9.8 -2641.3
-9.79 -2633.04
-9.78 -2624.8
-9.77 -2616.58
-9.76 -2608.38
-9.75 -2600.2
-9.74 -2592.03
-9.73 -2583.88
-9.72 -2575.75
-9.71 -2567.64
-9.7 -2559.54
-9.69 -2551.46
-9.68 -2543.4
-9.67 -2535.34
-9.66 -2527.32
-9.65 -2519.3
-9.64 -2511.3
-9.63 -2503.33
-9.62 -2495.36
-9.61 -2487.42
-9.6 -2479.49
-9.59 -2471.57
-9.58 -2463.68
-9.57 -2455.8
-9.56 -2447.94
-9.55 -2440.09
-9.54 -2432.27
-9.53 -2424.46
-9.52 -2416.66
-9.51 -2408.89
-9.5 -2401.13
-9.49 -2393.38
-9.48 -2385.65
-9.47 -2377.94
-9.46 -2370.25
-9.45 -2362.57
-9.44 -2354.91
-9.43 -2347.27
-9.42 -2339.64
-9.41 -2332.02
-9.4 -2324.43
-9.39 -2316.86
-9.38 -2309.29
-9.37 -2301.75
-9.36 -2294.22
-9.35 -2286.7
-9.34 -2279.21
-9.33 -2271.73
-9.32 -2264.27
-9.31 -2256.82
-9.3 -2249.39
-9.29 -2241.98
-9.28 -2234.58
-9.27 -2227.19
-9.26 -2219.83
-9.25 -2212.48
-9.24 -2205.15
-9.23 -2197.83
-9.22 -2190.53
-9.21 -2183.25
-9.2 -2175.98
-9.19 -2168.73
-9.18 -2161.5
-9.17 -2154.28
-9.16 -2147.08
-9.15 -2139.88
-9.14 -2132.72
-9.13 -2125.57
-9.12 -2118.42
-9.11 -2111.3
-9.1 -2104.19
-9.09 -2097.1
-9.08 -2090.03
-9.07 -2082.97
-9.06 -2075.92
-9.05 -2068.89
-9.04 -2061.89
-9.03 -2054.89
-9.02 -2047.91
-9.01 -2040.95
-9.0 -2034.0
-8.99 -2027.07
-8.98 -2020.15
-8.97 -2013.25
-8.96 -2006.37
-8.95 -1999.49
-8.94 -1992.64
-8.93 -1985.81
-8.92 -1978.99
-8.91 -1972.17
-8.9 -1965.39
-8.89 -1958.62
-8.88 -1951.85
-8.87 -1945.11
-8.86 -1938.38
-8.85 -1931.66
-8.84 -1924.97
-8.83 -1918.29
-8.82 -1911.63
-8.81 -1904.97
-8.8 -1898.34
-8.79 -1891.71
-8.78 -1885.11
-8.77 -1878.52
-8.76 -1871.94
-8.75 -1865.39
-8.74 -1858.84
-8.73 -1852.32
-8.72 -1845.8
-8.71 -1839.31
-8.7 -1832.83
-8.69 -1826.36
-8.68 -1819.92
-8.67 -1813.47
-8.66 -1807.06
-8.65 -1800.64
-8.64 -1794.26
-8.63 -1787.89
-8.62 -1781.52
-8.61 -1775.18
-8.6 -1768.85
-8.59 -1762.53
-8.58 -1756.24
-8.57 -1749.95
-8.56 -1743.68
-8.55 -1737.42
-8.54 -1731.19
-8.53 -1724.96
-8.52 -1718.75
-8.51 -1712.56
-8.5 -1706.38
-8.49 -1700.21
-8.48 -1694.06
-8.47 -1687.93
-8.46 -1681.81
-8.45 -1675.69
-8.44 -1669.6
-8.43 -1663.53
-8.42 -1657.47
-8.41 -1651.42
-8.4 -1645.39
-8.39 -1639.38
-8.38 -1633.37
-8.37 -1627.39
-8.36 -1621.41
-8.35 -1615.45
-8.34 -1609.51
-8.33 -1603.58
-8.32 -1597.67
-8.31 -1591.77
-8.3 -1585.88
-8.29 -1580.01
-8.28 -1574.15
-8.27 -1568.31
-8.26 -1562.48
-8.25 -1556.67
-8.24 -1550.87
-8.23 -1545.09
-8.22 -1539.32
-8.21 -1533.56
-8.2 -1527.82
-8.19 -1522.1
-8.18 -1516.39
-8.17 -1510.69
-8.16 -1505.01
-8.15 -1499.33
-8.14 -1493.68
-8.13 -1488.04
-8.12 -1482.41
-8.11 -1476.81
-8.1 -1471.2
-8.09 -1465.62
-8.08 -1460.05
-8.07 -1454.49
-8.06 -1448.95
-8.05 -1443.42
-8.04 -1437.92
-8.03 -1432.41
-8.02 -1426.93
-8.01 -1421.46
-8.0 -1416.0
-7.99 -1410.56
-7.98 -1405.13
-7.97 -1399.71
-7.96 -1394.32
-7.95 -1388.92
-7.94 -1383.55
-7.93 -1378.19
-7.92 -1372.85
-7.91 -1367.51
-7.9 -1362.2
-7.89 -1356.9
-7.88 -1351.6
-7.87 -1346.33
-7.86 -1341.06
-7.85 -1335.81
-7.84 -1330.58
-7.83 -1325.36
-7.82 -1320.16
-7.81 -1314.96
-7.8 -1309.78
-7.79 -1304.61
-7.78 -1299.45
-7.77 -1294.31
-7.76 -1289.19
-7.75 -1284.07
-7.74 -1278.97
-7.73 -1273.89
-7.72 -1268.82
-7.71 -1263.76
-7.7 -1258.72
-7.69 -1253.69
-7.68 -1248.67
-7.67 -1243.66
-7.66 -1238.68
-7.65 -1233.69
-7.64 -1228.73
-7.63 -1223.78
-7.62 -1218.84
-7.61 -1213.92
-7.6 -1209.01
-7.59 -1204.11
-7.58 -1199.23
-7.57 -1194.35
-7.56 -1189.49
-7.55 -1184.65
-7.54 -1179.82
-7.53 -1175.0
-7.52 -1170.2
-7.51 -1165.4
-7.5 -1160.63
-7.49 -1155.86
-7.48 -1151.11
-7.47 -1146.37
-7.46 -1141.64
-7.45 -1136.92
-7.44 -1132.22
-7.43 -1127.54
-7.42 -1122.87
-7.41 -1118.2
-7.4 -1113.55
-7.39 -1108.92
-7.38 -1104.29
-7.37 -1099.69
-7.36 -1095.08
-7.35 -1090.5
-7.34 -1085.93
-7.33 -1081.37
-7.32 -1076.83
-7.31 -1072.29
-7.3 -1067.77
-7.29 -1063.26
-7.28 -1058.77
-7.27 -1054.28
-7.26 -1049.81
-7.25 -1045.35
-7.24 -1040.91
-7.23 -1036.48
-7.22 -1032.06
-7.21 -1027.66
-7.2 -1023.26
-7.19 -1018.88
-7.18 -1014.52
-7.17 -1010.16
-7.16 -1005.82
-7.15 -1001.48
-7.14 -997.16
-7.13 -992.86
-7.12 -988.56
-7.11 -984.29
-7.1 -980.01
-7.09 -975.75
-7.08 -971.51
-7.07 -967.28
-7.06 -963.06
-7.05 -958.85
-7.04 -954.66
-7.03 -950.48
-7.02 -946.31
-7.01 -942.15
-7.0 -938.0
-6.99 -933.87
-6.98 -929.75
-6.97 -925.64
-6.96 -921.54
-6.95 -917.45
-6.94 -913.38
-6.93 -909.32
-6.92 -905.27
-6.91 -901.23
-6.9 -897.21
-6.89 -893.2
-6.88 -889.19
-6.87 -885.21
-6.86 -881.23
-6.85 -877.26
-6.84 -873.31
-6.83 -869.37
-6.82 -865.44
-6.81 -861.52
-6.8 -857.62
-6.79 -853.72
-6.78 -849.84
-6.77 -845.97
-6.76 -842.11
-6.75 -838.26
-6.74 -834.43
-6.73 -830.6
-6.72 -826.79
-6.71 -823.0
-6.7 -819.21
-6.69 -815.43
-6.68 -811.67
-6.67 -807.91
-6.66 -804.17
-6.65 -800.44
-6.64 -796.72
-6.63 -793.02
-6.62 -789.32
-6.61 -785.64
-6.6 -781.97
-6.59 -778.3
-6.58 -774.66
-6.57 -771.02
-6.56 -767.39
-6.55 -763.77
-6.54 -760.18
-6.53 -756.59
-6.52 -753.0
-6.51 -749.43
-6.5 -745.88
-6.49 -742.33
-6.48 -738.79
-6.47 -735.27
-6.46 -731.76
-6.45 -728.25
-6.44 -724.76
-6.43 -721.28
-6.42 -717.82
-6.41 -714.35
-6.4 -710.91
-6.39 -707.48
-6.38 -704.05
-6.37 -700.64
-6.36 -697.24
-6.35 -693.84
-6.34 -690.47
-6.33 -687.1
-6.32 -683.75
-6.31 -680.4
-6.3 -677.06
-6.29 -673.73
-6.28 -670.42
-6.27 -667.12
-6.26 -663.82
-6.25 -660.54
-6.24 -657.27
-6.23 -654.01
-6.22 -650.77
-6.21 -647.53
-6.2 -644.3
-6.19 -641.09
-6.18 -637.89
-6.17 -634.69
-6.16 -631.5
-6.15 -628.33
-6.14 -625.17
-6.13 -622.02
-6.12 -618.87
-6.11 -615.75
-6.1 -612.62
-6.09 -609.51
-6.08 -606.42
-6.07 -603.33
-6.06 -600.25
-6.05 -597.18
-6.04 -594.13
-6.03 -591.08
-6.02 -588.04
-6.01 -585.02
-6.0 -582.0
-5.99 -579.0
-5.98 -576.0
-5.97 -573.02
-5.96 -570.05
-5.95 -567.07
-5.94 -564.12
-5.93 -561.18
-5.92 -558.25
-5.91 -555.33
-5.9 -552.42
-5.89 -549.52
-5.88 -546.62
-5.87 -543.75
-5.86 -540.87
-5.85 -538.0
-5.84 -535.16
-5.83 -532.32
-5.82 -529.49
-5.81 -526.67
-5.8 -523.86
-5.79 -521.05
-5.78 -518.26
-5.77 -515.48
-5.76 -512.71
-5.75 -509.95
-5.74 -507.2
-5.73 -504.46
-5.72 -501.73
-5.71 -499.01
-5.7 -496.3
-5.69 -493.6
-5.68 -490.91
-5.67 -488.22
-5.66 -485.55
-5.65 -482.89
-5.64 -480.24
-5.63 -477.6
-5.62 -474.96
-5.61 -472.35
-5.6 -469.73
-5.59 -467.12
-5.58 -464.53
-5.57 -461.95
-5.56 -459.37
-5.55 -456.8
-5.54 -454.25
-5.53 -451.71
-5.52 -449.17
-5.51 -446.64
-5.5 -444.13
-5.49 -441.62
-5.48 -439.12
-5.47 -436.63
-5.46 -434.15
-5.45 -431.68
-5.44 -429.22
-5.43 -426.77
-5.42 -424.33
-5.41 -421.89
-5.4 -419.47
-5.39 -417.06
-5.38 -414.65
-5.37 -412.26
-5.36 -409.87
-5.35 -407.49
-5.34 -405.13
-5.33 -402.77
-5.32 -400.43
-5.31 -398.08
-5.3 -395.75
-5.29 -393.43
-5.28 -391.11
-5.27 -388.81
-5.26 -386.51
-5.25 -384.23
-5.24 -381.95
-5.23 -379.69
-5.22 -377.43
-5.21 -375.18
-5.2 -372.94
-5.19 -370.72
-5.18 -368.5
-5.17 -366.28
-5.16 -364.07
-5.15 -361.87
-5.14 -359.69
-5.13 -357.52
-5.12 -355.34
-5.11 -353.19
-5.1 -351.03
-5.09 -348.89
-5.08 -346.76
-5.07 -344.63
-5.06 -342.51
-5.05 -340.4
-5.04 -338.31
-5.03 -336.22
-5.02 -334.14
-5.01 -332.06
-5.0 -330.0
-4.99 -327.94
-4.98 -325.9
-4.97 -323.86
-4.96 -321.83
-4.95 -319.8
-4.94 -317.79
-4.93 -315.79
-4.92 -313.8
-4.91 -311.8
-4.9 -309.83
-4.89 -307.86
-4.88 -305.89
-4.87 -303.94
-4.86 -301.99
-4.85 -300.05
-4.84 -298.13
-4.83 -296.21
-4.82 -294.3
-4.81 -292.39
-4.8 -290.5
-4.79 -288.61
-4.78 -286.73
-4.77 -284.85
-4.76 -282.99
-4.75 -281.14
-4.74 -279.29
-4.73 -277.45
-4.72 -275.62
-4.71 -273.8
-4.7 -271.99
-4.69 -270.19
-4.68 -268.39
-4.67 -266.59
-4.66 -264.81
-4.65 -263.03
-4.64 -261.27
-4.63 -259.52
-4.62 -257.76
-4.61 -256.03
-4.6 -254.29
-4.59 -252.56
-4.58 -250.85
-4.57 -249.13
-4.56 -247.43
-4.55 -245.73
-4.54 -244.05
-4.53 -242.37
-4.52 -240.7
-4.51 -239.03
-4.5 -237.38
-4.49 -235.73
-4.48 -234.09
-4.47 -232.45
-4.46 -230.83
-4.45 -229.2
-4.44 -227.6
-4.43 -225.99
-4.42 -224.4
-4.41 -222.81
-4.4 -221.23
-4.39 -219.66
-4.38 -218.09
-4.37 -216.54
-4.36 -214.99
-4.35 -213.44
-4.34 -211.91
-4.33 -210.38
-4.32 -208.86
-4.31 -207.35
-4.3 -205.84
-4.29 -204.34
-4.28 -202.85
-4.27 -201.36
-4.26 -199.89
-4.25 -198.42
-4.24 -196.96
-4.23 -195.5
-4.22 -194.05
-4.21 -192.62
-4.2 -191.18
-4.19 -189.76
-4.18 -188.34
-4.17 -186.93
-4.16 -185.52
-4.15 -184.12
-4.14 -182.73
-4.13 -181.35
-4.12 -179.97
-4.11 -178.61
-4.1 -177.24
-4.09 -175.88
-4.08 -174.54
-4.07 -173.2
-4.06 -171.86
-4.05 -170.53
-4.04 -169.22
-4.03 -167.9
-4.02 -166.59
-4.01 -165.29
-4.0 -164.0
-3.99 -162.71
-3.98 -161.43
-3.97 -160.16
-3.96 -158.9
-3.95 -157.63
-3.94 -156.38
-3.93 -155.14
-3.92 -153.9
-3.91 -152.66
-3.9 -151.44
-3.89 -150.22
-3.88 -149.0
-3.87 -147.8
-3.86 -146.6
-3.85 -145.4
-3.84 -144.22
-3.83 -143.04
-3.82 -141.87
-3.81 -140.7
-3.8 -139.54
-3.79 -138.38
-3.78 -137.23
-3.77 -136.09
-3.76 -134.95
-3.75 -133.82
-3.74 -132.7
-3.73 -131.59
-3.72 -130.48
-3.71 -129.37
-3.7 -128.28
-3.69 -127.19
-3.68 -126.11
-3.67 -125.02
-3.66 -123.95
-3.65 -122.88
-3.64 -121.83
-3.63 -120.78
-3.62 -119.72
-3.61 -118.69
-3.6 -117.65
-3.59 -116.61
-3.58 -115.6
-3.57 -114.58
-3.56 -113.56
-3.55 -112.56
-3.54 -111.57
-3.53 -110.57
-3.52 -109.58
-3.51 -108.6
-3.5 -107.63
-3.49 -106.66
-3.48 -105.69
-3.47 -104.74
-3.46 -103.79
-3.45 -102.83
-3.44 -101.89
-3.43 -100.96
-3.42 -100.04
-3.41 -99.11
-3.4 -98.19
-3.39 -97.28
-3.38 -96.37
-3.37 -95.48
-3.36 -94.58
-3.35 -93.69
-3.34 -92.81
-3.33 -91.93
-3.32 -91.06
-3.31 -90.19
-3.3 -89.33
-3.29 -88.47
-3.28 -87.62
-3.27 -86.78
-3.26 -85.94
-3.25 -85.1
-3.24 -84.28
-3.23 -83.45
-3.22 -82.64
-3.21 -81.83
-3.2 -81.02
-3.19 -80.23
-3.18 -79.43
-3.17 -78.64
-3.16 -77.85
-3.15 -77.07
-3.14 -76.3
-3.13 -75.53
-3.12 -74.76
-3.11 -74.01
-3.1 -73.25
-3.09 -72.5
-3.08 -71.76
-3.07 -71.02
-3.06 -70.29
-3.05 -69.56
-3.04 -68.84
-3.03 -68.12
-3.02 -67.41
-3.01 -66.7
-3.0 -66.0
-2.99 -65.3
-2.98 -64.61
-2.97 -63.92
-2.96 -63.24
-2.95 -62.56
-2.94 -61.89
-2.93 -61.22
-2.92 -60.56
-2.91 -59.9
-2.9 -59.25
-2.89 -58.6
-2.88 -57.95
-2.87 -57.32
-2.86 -56.68
-2.85 -56.05
-2.84 -55.43
-2.83 -54.81
-2.82 -54.2
-2.81 -53.58
-2.8 -52.98
-2.79 -52.37
-2.78 -51.77
-2.77 -51.18
-2.76 -50.59
-2.75 -50.01
-2.74 -49.43
-2.73 -48.86
-2.72 -48.29
-2.71 -47.73
-2.7 -47.17
-2.69 -46.62
-2.68 -46.07
-2.67 -45.51
-2.66 -44.97
-2.65 -44.43
-2.64 -43.9
-2.63 -43.37
-2.62 -42.84
-2.61 -42.33
-2.6 -41.81
-2.59 -41.29
-2.58 -40.79
-2.57 -40.28
-2.56 -39.78
-2.55 -39.28
-2.54 -38.8
-2.53 -38.31
-2.52 -37.83
-2.51 -37.35
-2.5 -36.88
-2.49 -36.4
-2.48 -35.94
-2.47 -35.48
-2.46 -35.02
-2.45 -34.56
-2.44 -34.11
-2.43 -33.67
-2.42 -33.23
-2.41 -32.78
-2.4 -32.35
-2.39 -31.93
-2.38 -31.49
-2.37 -31.08
-2.36 -30.65
-2.35 -30.23
-2.34 -29.83
-2.33 -29.42
-2.32 -29.02
-2.31 -28.62
-2.3 -28.22
-2.29 -27.83
-2.28 -27.44
-2.27 -27.05
-2.26 -26.67
-2.25 -26.29
-2.24 -25.92
-2.23 -25.55
-2.22 -25.18
-2.21 -24.82
-2.2 -24.46
-2.19 -24.11
-2.18 -23.76
-2.17 -23.4
-2.16 -23.06
-2.15 -22.72
-2.14 -22.38
-2.13 -22.05
-2.12 -21.71
-2.11 -21.39
-2.1 -21.06
-2.09 -20.74
-2.08 -20.43
-2.07 -20.11
-2.06 -19.8
-2.05 -19.49
-2.04 -19.19
-2.03 -18.89
-2.02 -18.59
-2.01 -18.29
-2.0 -18.0
-1.99 -17.71
-1.98 -17.43
-1.97 -17.15
-1.96 -16.87
-1.95 -16.58
-1.94 -16.31
-1.93 -16.05
-1.92 -15.78
-1.91 -15.51
-1.9 -15.26
-1.89 -15.0
-1.88 -14.74
-1.87 -14.5
-1.86 -14.24
-1.85 -13.99
-1.84 -13.76
-1.83 -13.52
-1.82 -13.29
-1.81 -13.05
-1.8 -12.82
-1.79 -12.59
-1.78 -12.36
-1.77 -12.14
-1.76 -11.92
-1.75 -11.7
-1.74 -11.48
-1.73 -11.27
-1.72 -11.07
-1.71 -10.86
-1.7 -10.66
-1.69 -10.46
-1.68 -10.26
-1.67 -10.06
-1.66 -9.87
-1.65 -9.68
-1.64 -9.49
-1.63 -9.31
-1.62 -9.12
-1.61 -8.95
-1.6 -8.77
-1.59 -8.59
-1.58 -8.42
-1.57 -8.25
-1.56 -8.08
-1.55 -7.91
-1.54 -7.76
-1.53 -7.59
-1.52 -7.44
-1.51 -7.28
-1.5 -7.13
-1.49 -6.97
-1.48 -6.83
-1.47 -6.68
-1.46 -6.54
-1.45 -6.39
-1.44 -6.25
-1.43 -6.11
-1.42 -5.98
-1.41 -5.84
-1.4 -5.71
-1.39 -5.59
-1.38 -5.45
-1.37 -5.33
-1.36 -5.21
-1.35 -5.08
-1.34 -4.97
-1.33 -4.85
-1.32 -4.74
-1.31 -4.62
-1.3 -4.51
-1.29 -4.4
-1.28 -4.29
-1.27 -4.19
-1.26 -4.08
-1.25 -3.98
-1.24 -3.88
-1.23 -3.78
-1.22 -3.69
-1.21 -3.59
-1.2 -3.5
-1.19 -3.42
-1.18 -3.33
-1.17 -3.23
-1.16 -3.15
-1.15 -3.06
-1.14 -2.98
-1.13 -2.91
-1.12 -2.82
-1.11 -2.75
-1.1 -2.67
-1.09 -2.6
-1.08 -2.53
-1.07 -2.46
-1.06 -2.38
-1.05 -2.31
-1.04 -2.25
-1.03 -2.19
-1.02 -2.12
-1.01 -2.06
-1.0 -2.0
-0.99 -1.94
-0.98 -1.88
-0.97 -1.83
-0.96 -1.77
-0.95 -1.71
-0.94 -1.66
-0.93 -1.61
-0.92 -1.57
-0.91 -1.51
-0.9 -1.47
-0.89 -1.42
-0.88 -1.37
-0.87 -1.34
-0.86 -1.29
-0.85 -1.24
-0.84 -1.21
-0.83 -1.17
-0.82 -1.13
-0.81 -1.09
-0.8 -1.06
-0.79 -1.02
-0.78 -0.98
-0.77 -0.95
-0.76 -0.92
-0.75 -0.89
-0.74 -0.86
-0.73 -0.83
-0.72 -0.8
-0.71 -0.77
-0.7 -0.75
-0.69 -0.73
-0.68 -0.7
-0.67 -0.67
-0.66 -0.65
-0.65 -0.62
-0.64 -0.61
-0.63 -0.59
-0.62 -0.56
-0.61 -0.55
-0.6 -0.53
-0.59 -0.51
-0.58 -0.5
-0.57 -0.48
-0.56 -0.46
-0.55 -0.44
-0.54 -0.43
-0.53 -0.42
-0.52 -0.4
-0.51 -0.39
-0.5 -0.38
-0.49 -0.36
-0.48 -0.35
-0.47 -0.34
-0.46 -0.33
-0.45 -0.31
-0.44 -0.31
-0.43 -0.3
-0.42 -0.29
-0.41 -0.28
-0.4 -0.27
-0.39 -0.27
-0.38 -0.25
-0.37 -0.25
-0.36 -0.24
-0.35 -0.23
-0.34 -0.23
-0.33 -0.22
-0.32 -0.22
-0.31 -0.21
-0.3 -0.2
-0.29 -0.19
-0.28 -0.19
-0.27 -0.18
-0.26 -0.17
-0.25 -0.17
-0.24 -0.16
-0.23 -0.16
-0.22 -0.15
-0.21 -0.15
-0.2 -0.14
-0.19 -0.14
-0.18 -0.14
-0.17 -0.12
-0.16 -0.12
-0.15 -0.11
-0.14 -0.11
-0.13 -0.11
-0.12 -0.1
-0.11 -0.09
-0.1 -0.08
-0.09 -0.07
-0.08 -0.07
-0.07 -0.06
-0.06 -0.05
-0.05 -0.04
-0.04 -0.04
-0.03 -0.03
-0.02 -0.02
-0.01 -0.01
-0.0 0.0
0.01 0.01
0.02 0.02
0.03 0.03
0.04 0.04
0.05 0.05
0.06 0.07
0.07 0.08
0.08 0.09
0.09 0.11
0.1 0.12
0.11 0.13
0.12 0.16
0.13 0.17
0.14 0.19
0.15 0.2
0.16 0.22
0.17 0.24
0.18 0.26
0.19 0.28
0.2 0.3
0.21 0.33
0.22 0.35
0.23 0.38
0.24 0.4
0.25 0.42
0.26 0.45
0.27 0.48
0.28 0.51
0.29 0.53
0.3 0.56
0.31 0.59
0.32 0.62
0.33 0.66
0.34 0.69
0.35 0.72
0.36 0.76
0.37 0.79
0.38 0.83
0.39 0.87
0.4 0.91
0.41 0.96
0.42 0.99
0.43 1.04
0.44 1.09
0.45 1.12
0.46 1.17
0.47 1.22
0.48 1.27
0.49 1.32
0.5 1.37
0.51 1.43
0.52 1.48
0.53 1.54
0.54 1.59
0.55 1.65
0.56 1.72
0.57 1.78
0.58 1.84
0.59 1.91
0.6 1.97
0.61 2.03
0.62 2.1
0.63 2.17
0.64 2.25
0.65 2.31
0.66 2.39
0.67 2.47
0.68 2.54
0.69 2.63
0.7 2.71
0.71 2.79
0.72 2.88
0.73 2.97
0.74 3.06
0.75 3.14
0.76 3.24
0.77 3.33
0.78 3.42
0.79 3.52
0.8 3.62
0.81 3.71
0.82 3.81
0.83 3.93
0.84 4.03
0.85 4.13
0.86 4.25
0.87 4.36
0.88 4.47
0.89 4.58
0.9 4.71
0.91 4.83
0.92 4.95
0.93 5.07
0.94 5.2
0.95 5.32
0.96 5.45
0.97 5.59
0.98 5.72
0.99 5.86
1.0 6.0
1.01 6.14
1.02 6.28
1.03 6.43
1.04 6.57
1.05 6.72
1.06 6.88
1.07 7.04
1.08 7.19
1.09 7.36
1.1 7.51
1.11 7.67
1.12 7.84
1.13 8.01
1.14 8.18
1.15 8.35
1.16 8.53
1.17 8.71
1.18 8.89
1.19 9.08
1.2 9.26
1.21 9.45
1.22 9.65
1.23 9.84
1.24 10.04
1.25 10.23
1.26 10.44
1.27 10.65
1.28 10.85
1.29 11.06
1.3 11.27
1.31 11.48
1.32 11.7
1.33 11.93
1.34 12.15
1.35 12.37
1.36 12.61
1.37 12.83
1.38 13.07
1.39 13.31
1.4 13.55
1.41 13.8
1.42 14.04
1.43 14.29
1.44 14.55
1.45 14.8
1.46 15.06
1.47 15.32
1.48 15.59
1.49 15.85
1.5 16.12
1.51 16.4
1.52 16.68
1.53 16.95
1.54 17.24
1.55 17.52
1.56 17.82
1.57 18.11
1.58 18.4
1.59 18.71
1.6 19.01
1.61 19.31
1.62 19.62
1.63 19.93
1.64 20.25
1.65 20.57
1.66 20.89
1.67 21.22
1.68 21.54
1.69 21.88
1.7 22.22
1.71 22.56
1.72 22.91
1.73 23.25
1.74 23.6
1.75 23.95
1.76 24.32
1.77 24.68
1.78 25.04
1.79 25.41
1.8 25.78
1.81 26.15
1.82 26.53
1.83 26.92
1.84 27.3
1.85 27.68
1.86 28.08
1.87 28.48
1.88 28.88
1.89 29.28
1.9 29.7
1.91 30.11
1.92 30.52
1.93 30.95
1.94 31.37
1.95 31.79
1.96 32.23
1.97 32.67
1.98 33.11
1.99 33.55
2.0 34.0
2.01 34.45
2.02 34.91
2.03 35.37
2.04 35.83
2.05 36.3
2.06 36.78
2.07 37.25
2.08 37.73
2.09 38.22
2.1 38.7
2.11 39.19
2.12 39.69
2.13 40.19
2.14 40.7
2.15 41.21
2.16 41.72
2.17 42.24
2.18 42.76
2.19 43.29
2.2 43.82
2.21 44.36
2.22 44.9
2.23 45.45
2.24 46.0
2.25 46.54
2.26 47.11
2.27 47.67
2.28 48.24
2.29 48.81
2.3 49.38
2.31 49.96
2.32 50.54
2.33 51.14
2.34 51.73
2.35 52.32
2.36 52.93
2.37 53.54
2.38 54.15
2.39 54.77
2.4 55.39
2.41 56.02
2.42 56.65
2.43 57.29
2.44 57.93
2.45 58.57
2.46 59.22
2.47 59.88
2.48 60.54
2.49 61.2
2.5 61.87
2.51 62.55
2.52 63.23
2.53 63.91
2.54 64.6
2.55 65.29
2.56 66.0
2.57 66.7
2.58 67.41
2.59 68.13
2.6 68.85
2.61 69.57
2.62 70.3
2.63 71.03
2.64 71.78
2.65 72.52
2.66 73.27
2.67 74.03
2.68 74.79
2.69 75.56
2.7 76.33
2.71 77.11
2.72 77.89
2.73 78.68
2.74 79.47
2.75 80.26
2.76 81.07
2.77 81.88
2.78 82.69
2.79 83.51
2.8 84.34
2.81 85.16
2.82 86.0
2.83 86.85
2.84 87.69
2.85 88.54
2.86 89.4
2.87 90.26
2.88 91.13
2.89 92.0
2.9 92.89
2.91 93.78
2.92 94.66
2.93 95.56
2.94 96.47
2.95 97.37
2.96 98.28
2.97 99.2
2.98 100.13
2.99 101.06
3.0 102.0
3.01 102.94
3.02 103.89
3.03 104.84
3.04 105.8
3.05 106.77
3.06 107.75
3.07 108.72
3.08 109.7
3.09 110.7
3.1 111.69
3.11 112.69
3.12 113.7
3.13 114.71
3.14 115.74
3.15 116.76
3.16 117.79
3.17 118.84
3.18 119.87
3.19 120.93
3.2 121.98
3.21 123.05
3.22 124.12
3.23 125.19
3.24 126.28
3.25 127.35
3.26 128.46
3.27 129.56
3.28 130.66
3.29 131.77
3.3 132.89
3.31 134.01
3.32 135.14
3.33 136.29
3.34 137.43
3.35 138.58
3.36 139.74
3.37 140.9
3.38 142.07
3.39 143.24
3.4 144.43
3.41 145.63
3.42 146.82
3.43 148.02
3.44 149.23
3.45 150.44
3.46 151.67
3.47 152.9
3.48 154.13
3.49 155.38
3.5 156.62
3.51 157.88
3.52 159.14
3.53 160.41
3.54 161.69
3.55 162.97
3.56 164.26
3.57 165.56
3.58 166.86
3.59 168.17
3.6 169.49
3.61 170.81
3.62 172.14
3.63 173.48
3.64 174.83
3.65 176.17
3.66 177.53
3.67 178.9
3.68 180.27
3.69 181.65
3.7 183.04
3.71 184.43
3.72 185.84
3.73 187.25
3.74 188.66
3.75 190.07
3.76 191.51
3.77 192.95
3.78 194.39
3.79 195.84
3.8 197.3
3.81 198.76
3.82 200.23
3.83 201.72
3.84 203.2
3.85 204.69
3.86 206.2
3.87 207.7
3.88 209.22
3.89 210.74
3.9 212.28
3.91 213.82
3.92 215.36
3.93 216.92
3.94 218.48
3.95 220.04
3.96 221.62
3.97 223.2
3.98 224.79
3.99 226.39
4.0 228.0
4.01 229.61
4.02 231.23
4.03 232.86
4.04 234.5
4.05 236.14
4.06 237.8
4.07 239.46
4.08 241.12
4.09 242.8
4.1 244.48
4.11 246.17
4.12 247.87
4.13 249.57
4.14 251.29
4.15 253.01
4.16 254.74
4.17 256.49
4.18 258.22
4.19 259.98
4.2 261.74
4.21 263.52
4.22 265.29
4.23 267.08
4.24 268.88
4.25 270.67
4.26 272.49
4.27 274.3
4.28 276.13
4.29 277.96
4.3 279.8
4.31 281.65
4.32 283.5
4.33 285.38
4.34 287.25
4.35 289.13
4.36 291.03
4.37 292.92
4.38 294.83
4.39 296.74
4.4 298.67
4.41 300.61
4.42 302.54
4.43 304.49
4.44 306.46
4.45 308.41
4.46 310.39
4.47 312.37
4.48 314.37
4.49 316.37
4.5 318.37
4.51 320.39
4.52 322.42
4.53 324.45
4.54 326.49
4.55 328.54
4.56 330.61
4.57 332.67
4.58 334.75
4.59 336.84
4.6 338.93
4.61 341.03
4.62 343.14
4.63 345.26
4.64 347.39
4.65 349.52
4.66 351.67
4.67 353.83
4.68 355.99
4.69 358.17
4.7 360.35
4.71 362.54
4.72 364.74
4.73 366.95
4.74 369.17
4.75 371.39
4.76 373.63
4.77 375.87
4.78 378.13
4.79 380.39
4.8 382.66
4.81 384.93
4.82 387.22
4.83 389.53
4.84 391.83
4.85 394.14
4.86 396.47
4.87 398.8
4.88 401.15
4.89 403.5
4.9 405.87
4.91 408.24
4.92 410.62
4.93 413.01
4.94 415.41
4.95 417.81
4.96 420.23
4.97 422.66
4.98 425.1
4.99 427.54
5.0 430.0
5.01 432.46
5.02 434.94
5.03 437.42
5.04 439.91
5.05 442.41
5.06 444.93
5.07 447.45
5.08 449.98
5.09 452.53
5.1 455.07
5.11 457.63
5.12 460.2
5.13 462.78
5.14 465.37
5.15 467.96
5.16 470.57
5.17 473.2
5.18 475.82
5.19 478.46
5.2 481.1
5.21 483.76
5.22 486.43
5.23 489.11
5.24 491.79
5.25 494.48
5.26 497.19
5.27 499.91
5.28 502.63
5.29 505.37
5.3 508.11
5.31 510.86
5.32 513.63
5.33 516.41
5.34 519.19
5.35 521.98
5.36 524.79
5.37 527.6
5.38 530.43
5.39 533.26
5.4 536.11
5.41 538.97
5.42 541.83
5.43 544.71
5.44 547.6
5.45 550.49
5.46 553.39
5.47 556.31
5.48 559.24
5.49 562.18
5.5 565.12
5.51 568.08
5.52 571.05
5.53 574.03
5.54 577.01
5.55 580.01
5.56 583.03
5.57 586.05
5.58 589.07
5.59 592.12
5.6 595.17
5.61 598.23
5.62 601.3
5.63 604.38
5.64 607.48
5.65 610.58
5.66 613.69
5.67 616.82
5.68 619.95
5.69 623.1
5.7 626.26
5.71 629.43
5.72 632.61
5.73 635.8
5.74 639.0
5.75 642.2
5.76 645.43
5.77 648.66
5.78 651.9
5.79 655.15
5.8 658.42
5.81 661.69
5.82 664.97
5.83 668.28
5.84 671.58
5.85 674.89
5.86 678.23
5.87 681.57
5.88 684.92
5.89 688.28
5.9 691.66
5.91 695.05
5.92 698.43
5.93 701.84
5.94 705.26
5.95 708.68
5.96 712.13
5.97 715.58
5.98 719.04
5.99 722.52
6.0 726.0
6.01 729.5
6.02 733.0
6.03 736.52
6.04 740.05
6.05 743.59
6.06 747.15
6.07 750.71
6.08 754.28
6.09 757.87
6.1 761.46
6.11 765.07
6.12 768.69
6.13 772.32
6.14 775.97
6.15 779.62
6.16 783.28
6.17 786.97
6.18 790.65
6.19 794.35
6.2 798.06
6.21 801.79
6.22 805.53
6.23 809.27
6.24 813.03
6.25 816.79
6.26 820.58
6.27 824.38
6.28 828.18
6.29 831.99
6.3 835.82
6.31 839.66
6.32 843.51
6.33 847.38
6.34 851.25
6.35 855.13
6.36 859.04
6.37 862.94
6.38 866.87
6.39 870.8
6.4 874.75
6.41 878.71
6.42 882.68
6.43 886.66
6.44 890.66
6.45 894.66
6.46 898.68
6.47 902.71
6.48 906.75
6.49 910.81
6.5 914.87
6.51 918.95
6.52 923.04
6.53 927.15
6.54 931.26
6.55 935.38
6.56 939.53
6.57 943.68
6.58 947.84
6.59 952.02
6.6 956.21
6.61 960.4
6.62 964.62
6.63 968.84
6.64 973.08
6.65 977.33
6.66 981.59
6.67 985.87
6.68 990.15
6.69 994.45
6.7 998.77
6.71 1003.1
6.72 1007.43
6.73 1011.78
6.74 1016.15
6.75 1020.51
6.76 1024.91
6.77 1029.31
6.78 1033.72
6.79 1038.14
6.8 1042.58
6.81 1047.02
6.82 1051.48
6.83 1055.97
6.84 1060.45
6.85 1064.95
6.86 1069.47
6.87 1073.99
6.88 1078.53
6.89 1083.08
6.9 1087.65
6.91 1092.23
6.92 1096.81
6.93 1101.42
6.94 1106.04
6.95 1110.66
6.96 1115.3
6.97 1119.96
6.98 1124.63
6.99 1129.31
7.0 1134.0
7.01 1138.71
7.02 1143.43
7.03 1148.16
7.04 1152.9
7.05 1157.66
7.06 1162.44
7.07 1167.22
7.08 1172.01
7.09 1176.83
7.1 1181.65
7.11 1186.49
7.12 1191.34
7.13 1196.2
7.14 1201.08
7.15 1205.97
7.16 1210.88
7.17 1215.8
7.18 1220.72
7.19 1225.66
7.2 1230.62
7.21 1235.6
7.22 1240.58
7.23 1245.58
7.24 1250.59
7.25 1255.6
7.26 1260.65
7.27 1265.7
7.28 1270.77
7.29 1275.84
7.3 1280.93
7.31 1286.03
7.32 1291.15
7.33 1296.29
7.34 1301.43
7.35 1306.59
7.36 1311.76
7.37 1316.95
7.38 1322.15
7.39 1327.36
7.4 1332.59
7.41 1337.84
7.42 1343.09
7.43 1348.36
7.44 1353.64
7.45 1358.93
7.46 1364.24
7.47 1369.57
7.48 1374.91
7.49 1380.26
7.5 1385.62
7.51 1391.0
7.52 1396.4
7.53 1401.8
7.54 1407.22
7.55 1412.66
7.56 1418.11
7.57 1423.57
7.58 1429.05
7.59 1434.55
7.6 1440.05
7.61 1445.56
7.62 1451.1
7.63 1456.64
7.64 1462.21
7.65 1467.78
7.66 1473.38
7.67 1478.98
7.68 1484.59
7.69 1490.23
7.7 1495.88
7.71 1501.54
7.72 1507.22
7.73 1512.91
7.74 1518.61
7.75 1524.32
7.76 1530.07
7.77 1535.81
7.78 1541.57
7.79 1547.35
7.8 1553.14
7.81 1558.94
7.82 1564.76
7.83 1570.6
7.84 1576.44
7.85 1582.3
7.86 1588.18
7.87 1594.07
7.88 1599.98
7.89 1605.9
7.9 1611.84
7.91 1617.79
7.92 1623.75
7.93 1629.73
7.94 1635.73
7.95 1641.73
7.96 1647.76
7.97 1653.79
7.98 1659.85
7.99 1665.92
8.0 1672.0
8.01 1678.1
8.02 1684.21
8.03 1690.33
8.04 1696.48
8.05 1702.63
8.06 1708.81
8.07 1714.99
8.08 1721.19
8.09 1727.42
8.1 1733.64
8.11 1739.89
8.12 1746.15
8.13 1752.42
8.14 1758.72
8.15 1765.02
8.16 1771.35
8.17 1777.69
8.18 1784.03
8.19 1790.4
8.2 1796.78
8.21 1803.18
8.22 1809.6
8.23 1816.03
8.24 1822.47
8.25 1828.92
8.26 1835.4
8.27 1841.89
8.28 1848.39
8.29 1854.91
8.3 1861.44
8.31 1867.99
8.32 1874.55
8.33 1881.14
8.34 1887.73
8.35 1894.34
8.36 1900.97
8.37 1907.61
8.38 1914.27
8.39 1920.94
8.4 1927.63
8.41 1934.34
8.42 1941.05
8.43 1947.79
8.44 1954.54
8.45 1961.3
8.46 1968.09
8.47 1974.89
8.48 1981.7
8.49 1988.53
8.5 1995.37
8.51 2002.24
8.52 2009.11
8.53 2016.0
8.54 2022.91
8.55 2029.83
8.56 2036.78
8.57 2043.73
8.58 2050.7
8.59 2057.69
8.6 2064.69
8.61 2071.7
8.62 2078.74
8.63 2085.79
8.64 2092.86
8.65 2099.93
8.66 2107.04
8.67 2114.15
8.68 2121.28
8.69 2128.42
8.7 2135.59
8.71 2142.77
8.72 2149.96
8.73 2157.18
8.74 2164.4
8.75 2171.64
8.76 2178.9
8.77 2186.18
8.78 2193.47
8.79 2200.77
8.8 2208.1
8.81 2215.43
8.82 2222.79
8.83 2230.17
8.84 2237.55
8.85 2244.95
8.86 2252.38
8.87 2259.81
8.88 2267.27
8.89 2274.74
8.9 2282.23
8.91 2289.73
8.92 2297.25
8.93 2304.79
8.94 2312.34
8.95 2319.9
8.96 2327.49
8.97 2335.09
8.98 2342.71
8.99 2350.35
9.0 2358.0
9.01 2365.67
9.02 2373.35
9.03 2381.05
9.04 2388.77
9.05 2396.5
9.06 2404.26
9.07 2412.03
9.08 2419.81
9.09 2427.62
9.1 2435.43
9.11 2443.26
9.12 2451.12
9.13 2458.99
9.14 2466.88
9.15 2474.77
9.16 2482.7
9.17 2490.64
9.18 2498.58
9.19 2506.55
9.2 2514.54
9.21 2522.55
9.22 2530.57
9.23 2538.61
9.24 2546.67
9.25 2554.73
9.26 2562.83
9.27 2570.93
9.28 2579.06
9.29 2587.2
9.3 2595.35
9.31 2603.52
9.32 2611.71
9.33 2619.93
9.34 2628.15
9.35 2636.39
9.36 2644.66
9.37 2652.93
9.38 2661.23
9.39 2669.54
9.4 2677.87
9.41 2686.22
9.42 2694.58
9.43 2702.97
9.44 2711.37
9.45 2719.78
9.46 2728.21
9.47 2736.66
9.48 2745.13
9.49 2753.62
9.5 2762.12
9.51 2770.65
9.52 2779.18
9.53 2787.74
9.54 2796.31
9.55 2804.9
9.56 2813.52
9.57 2822.14
9.58 2830.78
9.59 2839.45
9.6 2848.13
9.61 2856.82
9.62 2865.54
9.63 2874.27
9.64 2883.02
9.65 2891.79
9.66 2900.58
9.67 2909.38
9.68 2918.2
9.69 2927.04
9.7 2935.9
9.71 2944.78
9.72 2953.67
9.73 2962.58
9.74 2971.51
9.75 2980.45
9.76 2989.42
9.77 2998.4
9.78 3007.4
9.79 3016.42
9.8 3025.46
9.81 3034.51
9.82 3043.58
9.83 3052.68
9.84 3061.78
9.85 3070.9
9.86 3080.06
9.87 3089.21
9.88 3098.4
9.89 3107.6
9.9 3116.82
9.91 3126.06
9.92 3135.3
9.93 3144.58
9.94 3153.87
9.95 3163.17
9.96 3172.5
9.97 3181.85
9.98 3191.22
9.99 3200.6
10.0 3210.0
