-10 -2810.0
-9.99 -2801.398797
-9.98 -2792.815176
-9.97 -2784.249119
-9.96 -2775.700608
-9.95 -2767.169625
-9.94 -2758.656152
-9.93 -2750.160171
-9.92 -2741.681664
-9.91 -2733.220613
-9.9 -2724.777
-9.89 -2716.350807
-9.88 -2707.942016
-9.87 -2699.550609
-9.86 -2691.176568
-9.85 -2682.819875
-9.84 -2674.480512
-9.83 -2666.158461
-9.82 -2657.853704
-9.81 -2649.566223
-9.8 -2641.296
-9.79 -2633.043017
-9.78 -2624.807256
-9.77 -2616.588699
-9.76 -2608.387328
-9.75 -2600.203125
-9.74 -2592.036072
-9.73 -2583.886151
-9.72 -2575.753344
-9.71 -2567.637633
-9.7 -2559.539
-9.69 -2551.457427
-9.68 -2543.392896
-9.67 -2535.345389
-9.66 -2527.314888
-9.65 -2519.301375
-9.64 -2511.304832
-9.63 -2503.325241
-9.62 -2495.362584
-9.61 -2487.416843
-9.6 -2479.488
-9.59 -2471.576037
-9.58 -2463.680936
-9.57 -2455.802679
-9.56 -2447.941248
-9.55 -2440.096625
-9.54 -2432.268792
-9.53 -2424.457731
-9.52 -2416.663424
-9.51 -2408.885853
-9.5 -2401.125
-9.49 -2393.380847
-9.48 -2385.653376
-9.47 -2377.942569
-9.46 -2370.248408
-9.45 -2362.570875
-9.44 -2354.909952
-9.43 -2347.265621
-9.42 -2339.637864
-9.41 -2332.026663
-9.4 -2324.432
-9.39 -2316.853857
-9.38 -2309.292216
-9.37 -2301.747059
-9.36 -2294.218368
-9.35 -2286.706125
-9.34 -2279.210312
-9.33 -2271.730911
-9.32 -2264.267904
-9.31 -2256.821273
-9.3 -2249.391
-9.29 -2241.977067
-9.28 -2234.579456
-9.27 -2227.198149
-9.26 -2219.833128
-9.25 -2212.484375
-9.24 -2205.151872
-9.23 -2197.835601
-9.22 -2190.535544
-9.21 -2183.251683
-9.2 -2175.984
-9.19 -2168.732477
-9.18 -2161.497096
-9.17 -2154.277839
-9.16 -2147.074688
-9.15 -2139.887625
-9.14 -2132.716632
-9.13 -2125.561691
-9.12 -2118.422784
-9.11 -2111.299893
-9.1 -2104.193
-9.09 -2097.102087
-9.08 -2090.027136
-9.07 -2082.968129
-9.06 -2075.925048
-9.05 -2068.897875
-9.04 -2061.886592
-9.03 -2054.891181
-9.02 -2047.911624
-9.01 -2040.947903
-9.0 -2034.0
-8.99 -2027.067897
-8.98 -2020.151576
-8.97 -2013.251019
-8.96 -2006.366208
-8.95 -1999.497125
-8.94 -1992.643752
-8.93 -1985.806071
-8.92 -1978.984064
-8.91 -1972.177713
-8.9 -1965.387
-8.89 -1958.611907
-8.88 -1951.852416
-8.87 -1945.108509
-8.86 -1938.380168
-8.85 -1931.667375
-8.84 -1924.970112
-8.83 -1918.288361
-8.82 -1911.622104
-8.81 -1904.971323
-8.8 -1898.336
-8.79 -1891.716117
-8.78 -1885.111656
-8.77 -1878.522599
-8.76 -1871.948928
-8.75 -1865.390625
-8.74 -1858.847672
-8.73 -1852.320051
-8.72 -1845.807744
-8.71 -1839.310733
-8.7 -1832.829
-8.69 -1826.362527
-8.68 -1819.911296
-8.67 -1813.475289
-8.66 -1807.054488
-8.65 -1800.648875
-8.64 -1794.258432
-8.63 -1787.883141
-8.62 -1781.522984
-8.61 -1775.177943
-8.6 -1768.848
-8.59 -1762.533137
-8.58 -1756.233336
-8.57 -1749.948579
-8.56 -1743.678848
-8.55 -1737.424125
-8.54 -1731.184392
-8.53 -1724.959631
-8.52 -1718.749824
-8.51 -1712.554953
-8.5 -1706.375
-8.49 -1700.209947
-8.48 -1694.059776
-8.47 -1687.924469
-8.46 -1681.804008
-8.45 -1675.698375
-8.44 -1669.607552
-8.43 -1663.531521
-8.42 -1657.470264
-8.41 -1651.423763
-8.4 -1645.392
-8.39 -1639.374957
-8.38 -1633.372616
-8.37 -1627.384959
-8.36 -1621.411968
-8.35 -1615.453625
-8.34 -1609.509912
-8.33 -1603.580811
-8.32 -1597.666304
-8.31 -1591.766373
-8.3 -1585.881
-8.29 -1580.010167
-8.28 -1574.153856
-8.27 -1568.312049
-8.26 -1562.484728
-8.25 -1556.671875
-8.24 -1550.873472
-8.23 -1545.089501
-8.22 -1539.319944
-8.21 -1533.564783
-8.2 -1527.824
-8.19 -1522.097577
-8.18 -1516.385496
-8.17 -1510.687739
-8.16 -1505.004288
-8.15 -1499.335125
-8.14 -1493.680232
-8.13 -1488.039591
-8.12 -1482.413184
-8.11 -1476.800993
-8.1 -1471.203
-8.09 -1465.619187
-8.08 -1460.049536
-8.07 -1454.494029
-8.06 -1448.952648
-8.05 -1443.425375
-8.04 -1437.912192
-8.03 -1432.413081
-8.02 -1426.928024
-8.01 -1421.457003
-8.0 -1416.0
-7.99 -1410.556997
-7.98 -1405.127976
-7.97 -1399.712919
-7.96 -1394.311808
-7.95 -1388.924625
-7.94 -1383.551352
-7.93 -1378.191971
-7.92 -1372.846464
-7.91 -1367.514813
-7.9 -1362.197
-7.89 -1356.893007
-7.88 -1351.602816
-7.87 -1346.326409
-7.86 -1341.063768
-7.85 -1335.814875
-7.84 -1330.579712
-7.83 -1325.358261
-7.82 -1320.150504
-7.81 -1314.956423
-7.8 -1309.776
-7.79 -1304.609217
-7.78 -1299.456056
-7.77 -1294.316499
-7.76 -1289.190528
-7.75 -1284.078125
-7.74 -1278.979272
-7.73 -1273.893951
-7.72 -1268.822144
-7.71 -1263.763833
-7.7 -1258.719
-7.69 -1253.687627
-7.68 -1248.669696
-7.67 -1243.665189
-7.66 -1238.674088
-7.65 -1233.696375
-7.64 -1228.732032
-7.63 -1223.781041
-7.62 -1218.843384
-7.61 -1213.919043
-7.6 -1209.008
-7.59 -1204.110237
-7.58 -1199.225736
-7.57 -1194.354479
-7.56 -1189.496448
-7.55 -1184.651625
-7.54 -1179.819992
-7.53 -1175.001531
-7.52 -1170.196224
-7.51 -1165.404053
-7.5 -1160.625
-7.49 -1155.859047
-7.48 -1151.106176
-7.47 -1146.366369
-7.46 -1141.639608
-7.45 -1136.925875
-7.44 -1132.225152
-7.43 -1127.537421
-7.42 -1122.862664
-7.41 -1118.200863
-7.4 -1113.552
-7.39 -1108.916057
-7.38 -1104.293016
-7.37 -1099.682859
-7.36 -1095.085568
-7.35 -1090.501125
-7.34 -1085.929512
-7.33 -1081.370711
-7.32 -1076.824704
-7.31 -1072.291473
-7.3 -1067.771
-7.29 -1063.263267
-7.28 -1058.768256
-7.27 -1054.285949
-7.26 -1049.816328
-7.25 -1045.359375
-7.24 -1040.915072
-7.23 -1036.483401
-7.22 -1032.064344
-7.21 -1027.657883
-7.2 -1023.264
-7.19 -1018.882677
-7.18 -1014.513896
-7.17 -1010.157639
-7.16 -1005.813888
-7.15 -1001.482625
-7.14 -997.163832
-7.13 -992.857491
-7.12 -988.563584
-7.11 -984.282093
-7.1 -980.013
-7.09 -975.756287
-7.08 -971.511936
-7.07 -967.279929
-7.06 -963.060248
-7.05 -958.852875
-7.04 -954.657792
-7.03 -950.474981
-7.02 -946.304424
-7.01 -942.146103
-7.0 -938.0
-6.99 -933.866097
-6.98 -929.744376
-6.97 -925.634819
-6.96 -921.537408
-6.95 -917.452125
-6.94 -913.378952
-6.93 -909.317871
-6.92 -905.268864
-6.91 -901.231913
-6.9 -897.207
-6.89 -893.194107
-6.88 -889.193216
-6.87 -885.204309
-6.86 -881.227368
-6.85 -877.262375
-6.84 -873.309312
-6.83 -869.368161
-6.82 -865.438904
-6.81 -861.521523
-6.8 -857.616
-6.79 -853.722317
-6.78 -849.840456
-6.77 -845.970399
-6.76 -842.112128
-6.75 -838.265625
-6.74 -834.430872
-6.73 -830.607851
-6.72 -826.796544
-6.71 -822.996933
-6.7 -819.209
-6.69 -815.432727
-6.68 -811.668096
-6.67 -807.915089
-6.66 -804.173688
-6.65 -800.443875
-6.64 -796.725632
-6.63 -793.018941
-6.62 -789.323784
-6.61 -785.640143
-6.6 -781.968
-6.59 -778.307337
-6.58 -774.658136
-6.57 -771.020379
-6.56 -767.394048
-6.55 -763.779125
-6.54 -760.175592
-6.53 -756.583431
-6.52 -753.002624
-6.51 -749.433153
-6.5 -745.875
-6.49 -742.328147
-6.48 -738.792576
-6.47 -735.268269
-6.46 -731.755208
-6.45 -728.253375
-6.44 -724.762752
-6.43 -721.283321
-6.42 -717.815064
-6.41 -714.357963
-6.4 -710.912
-6.39 -707.477157
-6.38 -704.053416
-6.37 -700.640759
-6.36 -697.239168
-6.35 -693.848625
-6.34 -690.469112
-6.33 -687.100611
-6.32 -683.743104
-6.31 -680.396573
-6.3 -677.061
-6.29 -673.736367
-6.28 -670.422656
-6.27 -667.119849
-6.26 -663.827928
-6.25 -660.546875
-6.24 -657.276672
-6.23 -654.017301
-6.22 -650.768744
-6.21 -647.530983
-6.2 -644.304
-6.19 -641.087777
-6.18 -637.882296
-6.17 -634.687539
-6.16 -631.503488
-6.15 -628.330125
-6.14 -625.167432
-6.13 -622.015391
-6.12 -618.873984
-6.11 -615.743193
-6.1 -612.623
-6.09 -609.513387
-6.08 -606.414336
-6.07 -603.325829
-6.06 -600.247848
-6.05 -597.180375
-6.04 -594.123392
-6.03 -591.076881
-6.02 -588.040824
-6.01 -585.015203
-6.0 -582.0
-5.99 -578.995197
-5.98 -576.000776
-5.97 -573.016719
-5.96 -570.043008
-5.95 -567.079625
-5.94 -564.126552
-5.93 -561.183771
-5.92 -558.251264
-5.91 -555.329013
-5.9 -552.417
-5.89 -549.515207
-5.88 -546.623616
-5.87 -543.742209
-5.86 -540.870968
-5.85 -538.009875
-5.84 -535.158912
-5.83 -532.318061
-5.82 -529.487304
-5.81 -526.666623
-5.8 -523.856
-5.79 -521.055417
-5.78 -518.264856
-5.77 -515.484299
-5.76 -512.713728
-5.75 -509.953125
-5.74 -507.202472
-5.73 -504.461751
-5.72 -501.730944
-5.71 -499.010033
-5.7 -496.299
-5.69 -493.597827
-5.68 -490.906496
-5.67 -488.224989
-5.66 -485.553288
-5.65 -482.891375
-5.64 -480.239232
-5.63 -477.596841
-5.62 -474.964184
-5.61 -472.341243
-5.6 -469.728
-5.59 -467.124437
-5.58 -464.530536
-5.57 -461.946279
-5.56 -459.371648
-5.55 -456.806625
-5.54 -454.251192
-5.53 -451.705331
-5.52 -449.169024
-5.51 -446.642253
-5.5 -444.125
-5.49 -441.617247
-5.48 -439.118976
-5.47 -436.630169
-5.46 -434.150808
-5.45 -431.680875
-5.44 -429.220352
-5.43 -426.769221
-5.42 -424.327464
-5.41 -421.895063
-5.4 -419.472
-5.39 -417.058257
-5.38 -414.653816
-5.37 -412.258659
-5.36 -409.872768
-5.35 -407.496125
-5.34 -405.128712
-5.33 -402.770511
-5.32 -400.421504
-5.31 -398.081673
-5.3 -395.751
-5.29 -393.429467
-5.28 -391.117056
-5.27 -388.813749
-5.26 -386.519528
-5.25 -384.234375
-5.24 -381.958272
-5.23 -379.691201
-5.22 -377.433144
-5.21 -375.184083
-5.2 -372.944
-5.19 -370.712877
-5.18 -368.490696
-5.17 -366.277439
-5.16 -364.073088
-5.15 -361.877625
-5.14 -359.691032
-5.13 -357.513291
-5.12 -355.344384
-5.11 -353.184293
-5.1 -351.033
-5.09 -348.890487
-5.08 -346.756736
-5.07 -344.631729
-5.06 -342.515448
-5.05 -340.407875
-5.04 -338.308992
-5.03 -336.218781
-5.02 -334.137224
-5.01 -332.064303
-5.0 -330.0
-4.99 -327.944297
-4.98 -325.897176
-4.97 -323.858619
-4.96 -321.828608
-4.95 -319.807125
-4.94 -317.794152
-4.93 -315.789671
-4.92 -313.793664
-4.91 -311.806113
-4.9 -309.827
-4.89 -307.856307
-4.88 -305.894016
-4.87 -303.940109
-4.86 -301.994568
-4.85 -300.057375
-4.84 -298.128512
-4.83 -296.207961
-4.82 -294.295704
-4.81 -292.391723
-4.8 -290.496
-4.79 -288.608517
-4.78 -286.729256
-4.77 -284.858199
-4.76 -282.995328
-4.75 -281.140625
-4.74 -279.294072
-4.73 -277.455651
-4.72 -275.625344
-4.71 -273.803133
-4.7 -271.989
-4.69 -270.182927
-4.68 -268.384896
-4.67 -266.594889
-4.66 -264.812888
-4.65 -263.038875
-4.64 -261.272832
-4.63 -259.514741
-4.62 -257.764584
-4.61 -256.022343
-4.6 -254.288
-4.59 -252.561537
-4.58 -250.842936
-4.57 -249.132179
-4.56 -247.429248
-4.55 -245.734125
-4.54 -244.046792
-4.53 -242.367231
-4.52 -240.695424
-4.51 -239.031353
-4.5 -237.375
-4.49 -235.726347
-4.48 -234.085376
-4.47 -232.452069
-4.46 -230.826408
-4.45 -229.208375
-4.44 -227.597952
-4.43 -225.995121
-4.42 -224.399864
-4.41 -222.812163
-4.4 -221.232
-4.39 -219.659357
-4.38 -218.094216
-4.37 -216.536559
-4.36 -214.986368
-4.35 -213.443625
-4.34 -211.908312
-4.33 -210.380411
-4.32 -208.859904
-4.31 -207.346773
-4.3 -205.841
-4.29 -204.342567
-4.28 -202.851456
-4.27 -201.367649
-4.26 -199.891128
-4.25 -198.421875
-4.24 -196.959872
-4.23 -195.505101
-4.22 -194.057544
-4.21 -192.617183
-4.2 -191.184
-4.19 -189.757977
-4.18 -188.339096
-4.17 -186.927339
-4.16 -185.522688
-4.15 -184.125125
-4.14 -182.734632
-4.13 -181.351191
-4.12 -179.974784
-4.11 -178.605393
-4.1 -177.243
-4.09 -175.887587
-4.08 -174.539136
-4.07 -173.197629
-4.06 -171.863048
-4.05 -170.535375
-4.04 -169.214592
-4.03 -167.900681
-4.02 -166.593624
-4.01 -165.293403
-4.0 -164.0
-3.99 -162.713397
-3.98 -161.433576
-3.97 -160.160519
-3.96 -158.894208
-3.95 -157.634625
-3.94 -156.381752
-3.93 -155.135571
-3.92 -153.896064
-3.91 -152.663213
-3.9 -151.437
-3.89 -150.217407
-3.88 -149.004416
-3.87 -147.798009
-3.86 -146.598168
-3.85 -145.404875
-3.84 -144.218112
-3.83 -143.037861
-3.82 -141.864104
-3.81 -140.696823
-3.8 -139.536
-3.79 -138.381617
-3.78 -137.233656
-3.77 -136.092099
-3.76 -134.956928
-3.75 -133.828125
-3.74 -132.705672
-3.73 -131.589551
-3.72 -130.479744
-3.71 -129.376233
-3.7 -128.279
-3.69 -127.188027
-3.68 -126.103296
-3.67 -125.024789
-3.66 -123.952488
-3.65 -122.886375
-3.64 -121.826432
-3.63 -120.772641
-3.62 -119.724984
-3.61 -118.683443
-3.6 -117.648
-3.59 -116.618637
-3.58 -115.595336
-3.57 -114.578079
-3.56 -113.566848
-3.55 -112.561625
-3.54 -111.562392
-3.53 -110.569131
-3.52 -109.581824
-3.51 -108.600453
-3.5 -107.625
-3.49 -106.655447
-3.48 -105.691776
-3.47 -104.733969
-3.46 -103.782008
-3.45 -102.835875
-3.44 -101.895552
-3.43 -100.961021
-3.42 -100.032264
-3.41 -99.109263
-3.4 -98.192
-3.39 -97.280457
-3.38 -96.374616
-3.37 -95.474459
-3.36 -94.579968
-3.35 -93.691125
-3.34 -92.807912
-3.33 -91.930311
-3.32 -91.058304
-3.31 -90.191873
-3.3 -89.331
-3.29 -88.475667
-3.28 -87.625856
-3.27 -86.781549
-3.26 -85.942728
-3.25 -85.109375
-3.24 -84.281472
-3.23 -83.459001
-3.22 -82.641944
-3.21 -81.830283
-3.2 -81.024
-3.19 -80.223077
-3.18 -79.427496
-3.17 -78.637239
-3.16 -77.852288
-3.15 -77.072625
-3.14 -76.298232
-3.13 -75.529091
-3.12 -74.765184
-3.11 -74.006493
-3.1 -73.253
-3.09 -72.504687
-3.08 -71.761536
-3.07 -71.023529
-3.06 -70.290648
-3.05 -69.562875
-3.04 -68.840192
-3.03 -68.122581
-3.02 -67.410024
-3.01 -66.702503
-3.0 -66.0
-2.99 -65.302497
-2.98 -64.609976
-2.97 -63.922419
-2.96 -63.239808
-2.95 -62.562125
-2.94 -61.889352
-2.93 -61.221471
-2.92 -60.558464
-2.91 -59.900313
-2.9 -59.247
-2.89 -58.598507
-2.88 -57.954816
-2.87 -57.315909
-2.86 -56.681768
-2.85 -56.052375
-2.84 -55.427712
-2.83 -54.807761
-2.82 -54.192504
-2.81 -53.581923
-2.8 -52.976
-2.79 -52.374717
-2.78 -51.778056
-2.77 -51.185999
-2.76 -50.598528
-2.75 -50.015625
-2.74 -49.437272
-2.73 -48.863451
-2.72 -48.294144
-2.71 -47.729333
-2.7 -47.169
-2.69 -46.613127
-2.68 -46.061696
-2.67 -45.514689
-2.66 -44.972088
-2.65 -44.433875
-2.64 -43.900032
-2.63 -43.370541
-2.62 -42.845384
-2.61 -42.324543
-2.6 -41.808
-2.59 -41.295737
-2.58 -40.787736
-2.57 -40.283979
-2.56 -39.784448
-2.55 -39.289125
-2.54 -38.797992
-2.53 -38.311031
-2.52 -37.828224
-2.51 -37.349553
-2.5 -36.875
-2.49 -36.404547
-2.48 -35.938176
-2.47 -35.475869
-2.46 -35.017608
-2.45 -34.563375
-2.44 -34.113152
-2.43 -33.666921
-2.42 -33.224664
-2.41 -32.786363
-2.4 -32.352
-2.39 -31.921557
-2.38 -31.495016
-2.37 -31.072359
-2.36 -30.653568
-2.35 -30.238625
-2.34 -29.827512
-2.33 -29.420211
-2.32 -29.016704
-2.31 -28.616973
-2.3 -28.221
-2.29 -27.828767
-2.28 -27.440256
-2.27 -27.055449
-2.26 -26.674328
-2.25 -26.296875
-2.24 -25.923072
-2.23 -25.552901
-2.22 -25.186344
-2.21 -24.823383
-2.2 -24.464
-2.19 -24.108177
-2.18 -23.755896
-2.17 -23.407139
-2.16 -23.061888
-2.15 -22.720125
-2.14 -22.381832
-2.13 -22.046991
-2.12 -21.715584
-2.11 -21.387593
-2.1 -21.063
-2.09 -20.741787
-2.08 -20.423936
-2.07 -20.109429
-2.06 -19.798248
-2.05 -19.490375
-2.04 -19.185792
-2.03 -18.884481
-2.02 -18.586424
-2.01 -18.291603
-2.0 -18.0
-1.99 -17.711597
-1.98 -17.426376
-1.97 -17.144319
-1.96 -16.865408
-1.95 -16.589625
-1.94 -16.316952
-1.93 -16.047371
-1.92 -15.780864
-1.91 -15.517413
-1.9 -15.257
-1.89 -14.999607
-1.88 -14.745216
-1.87 -14.493809
-1.86 -14.245368
-1.85 -13.999875
-1.84 -13.757312
-1.83 -13.517661
-1.82 -13.280904
-1.81 -13.047023
-1.8 -12.816
-1.79 -12.587817
-1.78 -12.362456
-1.77 -12.139899
-1.76 -11.920128
-1.75 -11.703125
-1.74 -11.488872
-1.73 -11.277351
-1.72 -11.068544
-1.71 -10.862433
-1.7 -10.659
-1.69 -10.458227
-1.68 -10.260096
-1.67 -10.064589
-1.66 -9.871688
-1.65 -9.681375
-1.64 -9.493632
-1.63 -9.308441
-1.62 -9.125784
-1.61 -8.945643
-1.6 -8.768
-1.59 -8.592837
-1.58 -8.420136
-1.57 -8.249879
-1.56 -8.082048
-1.55 -7.916625
-1.54 -7.753592
-1.53 -7.592931
-1.52 -7.434624
-1.51 -7.278653
-1.5 -7.125
-1.49 -6.973647
-1.48 -6.824576
-1.47 -6.677769
-1.46 -6.533208
-1.45 -6.390875
-1.44 -6.250752
-1.43 -6.112821
-1.42 -5.977064
-1.41 -5.843463
-1.4 -5.712
-1.39 -5.582657
-1.38 -5.455416
-1.37 -5.330259
-1.36 -5.207168
-1.35 -5.086125
-1.34 -4.967112
-1.33 -4.850111
-1.32 -4.735104
-1.31 -4.622073
-1.3 -4.511
-1.29 -4.401867
-1.28 -4.294656
-1.27 -4.189349
-1.26 -4.085928
-1.25 -3.984375
-1.24 -3.884672
-1.23 -3.786801
-1.22 -3.690744
-1.21 -3.596483
-1.2 -3.504
-1.19 -3.413277
-1.18 -3.324296
-1.17 -3.237039
-1.16 -3.151488
-1.15 -3.067625
-1.14 -2.985432
-1.13 -2.904891
-1.12 -2.825984
-1.11 -2.748693
-1.1 -2.673
-1.09 -2.598887
-1.08 -2.526336
-1.07 -2.455329
-1.06 -2.385848
-1.05 -2.317875
-1.04 -2.251392
-1.03 -2.186381
-1.02 -2.122824
-1.01 -2.060703
-1.0 -2.0
-0.99 -1.940697
-0.98 -1.882776
-0.97 -1.826219
-0.96 -1.771008
-0.95 -1.717125
-0.94 -1.664552
-0.93 -1.613271
-0.92 -1.563264
-0.91 -1.514513
-0.9 -1.467
-0.89 -1.420707
-0.88 -1.375616
-0.87 -1.331709
-0.86 -1.288968
-0.85 -1.247375
-0.84 -1.206912
-0.83 -1.167561
-0.82 -1.129304
-0.81 -1.092123
-0.8 -1.056
-0.79 -1.020917
-0.78 -0.986856
-0.77 -0.953799
-0.76 -0.921728
-0.75 -0.890625
-0.74 -0.860472
-0.73 -0.831251
-0.72 -0.802944
-0.71 -0.775533
-0.7 -0.749
-0.69 -0.723327
-0.68 -0.698496
-0.67 -0.674489
-0.66 -0.651288
-0.65 -0.628875
-0.64 -0.607232
-0.63 -0.586341
-0.62 -0.566184
-0.61 -0.546743
-0.6 -0.528
-0.59 -0.509937
-0.58 -0.492536
-0.57 -0.475779
-0.56 -0.459648
-0.55 -0.444125
-0.54 -0.429192
-0.53 -0.414831
-0.52 -0.401024
-0.51 -0.387753
-0.5 -0.375
-0.49 -0.362747
-0.48 -0.350976
-0.47 -0.339669
-0.46 -0.328808
-0.45 -0.318375
-0.44 -0.308352
-0.43 -0.298721
-0.42 -0.289464
-0.41 -0.280563
-0.4 -0.272
-0.39 -0.263757
-0.38 -0.255816
-0.37 -0.248159
-0.36 -0.240768
-0.35 -0.233625
-0.34 -0.226712
-0.33 -0.220011
-0.32 -0.213504
-0.31 -0.207173
-0.3 -0.201
-0.29 -0.194967
-0.28 -0.189056
-0.27 -0.183249
-0.26 -0.177528
-0.25 -0.171875
-0.24 -0.166272
-0.23 -0.160701
-0.22 -0.155144
-0.21 -0.149583
-0.2 -0.144
-0.19 -0.138377
-0.18 -0.132696
-0.17 -0.126939
-0.16 -0.121088
-0.15 -0.115125
-0.14 -0.109032
-0.13 -0.102791
-0.12 -0.096384
-0.11 -0.089793
-0.1 -0.083
-0.09 -0.075987
-0.08 -0.068736
-0.07 -0.061229
-0.06 -0.053448
-0.05 -0.045375
-0.04 -0.036992
-0.03 -0.028281
-0.02 -0.019224
-0.01 -0.009803
-0.0 0.0
0.01 0.010203
0.02 0.020824
0.03 0.031881
0.04 0.043392
0.05 0.055375
0.06 0.067848
0.07 0.080829
0.08 0.094336
0.09 0.108387
0.1 0.123
0.11 0.138193
0.12 0.153984
0.13 0.170391
0.14 0.187432
0.15 0.205125
0.16 0.223488
0.17 0.242539
0.18 0.262296
0.19 0.282777
0.2 0.304
0.21 0.325983
0.22 0.348744
0.23 0.372301
0.24 0.396672
0.25 0.421875
0.26 0.447928
0.27 0.474849
0.28 0.502656
0.29 0.531367
0.3 0.561
0.31 0.591573
0.32 0.623104
0.33 0.655611
0.34 0.689112
0.35 0.723625
0.36 0.759168
0.37 0.795759
0.38 0.833416
0.39 0.872157
0.4 0.912
0.41 0.952963
0.42 0.995064
0.43 1.038321
0.44 1.082752
0.45 1.128375
0.46 1.175208
0.47 1.223269
0.48 1.272576
0.49 1.323147
0.5 1.375
0.51 1.428153
0.52 1.482624
0.53 1.538431
0.54 1.595592
0.55 1.654125
0.56 1.714048
0.57 1.775379
0.58 1.838136
0.59 1.902337
0.6 1.968
0.61 2.035143
0.62 2.103784
0.63 2.173941
0.64 2.245632
0.65 2.318875
0.66 2.393688
0.67 2.470089
0.68 2.548096
0.69 2.627727
0.7 2.709
0.71 2.791933
0.72 2.876544
0.73 2.962851
0.74 3.050872
0.75 3.140625
0.76 3.232128
0.77 3.325399
0.78 3.420456
0.79 3.517317
0.8 3.616
0.81 3.716523
0.82 3.818904
0.83 3.923161
0.84 4.029312
0.85 4.137375
0.86 4.247368
0.87 4.359309
0.88 4.473216
0.89 4.589107
0.9 4.707
0.91 4.826913
0.92 4.948864
0.93 5.072871
0.94 5.198952
0.95 5.327125
0.96 5.457408
0.97 5.589819
0.98 5.724376
0.99 5.861097
1.0 6.0
1.01 6.141103
1.02 6.284424
1.03 6.429981
1.04 6.577792
1.05 6.727875
1.06 6.880248
1.07 7.034929
1.08 7.191936
1.09 7.351287
1.1 7.513
1.11 7.677093
1.12 7.843584
1.13 8.012491
1.14 8.183832
1.15 8.357625
1.16 8.533888
1.17 8.712639
1.18 8.893896
1.19 9.077677
1.2 9.264
1.21 9.452883
1.22 9.644344
1.23 9.838401
1.24 10.035072
1.25 10.234375
1.26 10.436328
1.27 10.640949
1.28 10.848256
1.29 11.058267
1.3 11.271
1.31 11.486473
1.32 11.704704
1.33 11.925711
1.34 12.149512
1.35 12.376125
1.36 12.605568
1.37 12.837859
1.38 13.073016
1.39 13.311057
1.4 13.552
1.41 13.795863
1.42 14.042664
1.43 14.292421
1.44 14.545152
1.45 14.800875
1.46 15.059608
1.47 15.321369
1.48 15.586176
1.49 15.854047
1.5 16.125
1.51 16.399053
1.52 16.676224
1.53 16.956531
1.54 17.239992
1.55 17.526625
1.56 17.816448
1.57 18.109479
1.58 18.405736
1.59 18.705237
1.6 19.008
1.61 19.314043
1.62 19.623384
1.63 19.936041
1.64 20.252032
1.65 20.571375
1.66 20.894088
1.67 21.220189
1.68 21.549696
1.69 21.882627
1.7 22.219
1.71 22.558833
1.72 22.902144
1.73 23.248951
1.74 23.599272
1.75 23.953125
1.76 24.310528
1.77 24.671499
1.78 25.036056
1.79 25.404217
1.8 25.776
1.81 26.151423
1.82 26.530504
1.83 26.913261
1.84 27.299712
1.85 27.689875
1.86 28.083768
1.87 28.481409
1.88 28.882816
1.89 29.288007
1.9 29.697
1.91 30.109813
1.92 30.526464
1.93 30.946971
1.94 31.371352
1.95 31.799625
1.96 32.231808
1.97 32.667919
1.98 33.107976
1.99 33.551997
2.0 34.0
2.01 34.452003
2.02 34.908024
2.03 35.368081
2.04 35.832192
2.05 36.300375
2.06 36.772648
2.07 37.249029
2.08 37.729536
2.09 38.214187
2.1 38.703
2.11 39.195993
2.12 39.693184
2.13 40.194591
2.14 40.700232
2.15 41.210125
2.16 41.724288
2.17 42.242739
2.18 42.765496
2.19 43.292577
2.2 43.824
2.21 44.359783
2.22 44.899944
2.23 45.444501
2.24 45.993472
2.25 46.546875
2.26 47.104728
2.27 47.667049
2.28 48.233856
2.29 48.805167
2.3 49.381
2.31 49.961373
2.32 50.546304
2.33 51.135811
2.34 51.729912
2.35 52.328625
2.36 52.931968
2.37 53.539959
2.38 54.152616
2.39 54.769957
2.4 55.392
2.41 56.018763
2.42 56.650264
2.43 57.286521
2.44 57.927552
2.45 58.573375
2.46 59.224008
2.47 59.879469
2.48 60.539776
2.49 61.204947
2.5 61.875
2.51 62.549953
2.52 63.229824
2.53 63.914631
2.54 64.604392
2.55 65.299125
2.56 65.998848
2.57 66.703579
2.58 67.413336
2.59 68.128137
2.6 68.848
2.61 69.572943
2.62 70.302984
2.63 71.038141
2.64 71.778432
2.65 72.523875
2.66 73.274488
2.67 74.030289
2.68 74.791296
2.69 75.557527
2.7 76.329
2.71 77.105733
2.72 77.887744
2.73 78.675051
2.74 79.467672
2.75 80.265625
2.76 81.068928
2.77 81.877599
2.78 82.691656
2.79 83.511117
2.8 84.336
2.81 85.166323
2.82 86.002104
2.83 86.843361
2.84 87.690112
2.85 88.542375
2.86 89.400168
2.87 90.263509
2.88 91.132416
2.89 92.006907
2.9 92.887
2.91 93.772713
2.92 94.664064
2.93 95.561071
2.94 96.463752
2.95 97.372125
2.96 98.286208
2.97 99.206019
2.98 100.131576
2.99 101.062897
3.0 102.0
3.01 102.942903
3.02 103.891624
3.03 104.846181
3.04 105.806592
3.05 106.772875
3.06 107.745048
3.07 108.723129
3.08 109.707136
3.09 110.697087
3.1 111.693
3.11 112.694893
3.12 113.702784
3.13 114.716691
3.14 115.736632
3.15 116.762625
3.16 117.794688
3.17 118.832839
3.18 119.877096
3.19 120.927477
3.2 121.984
3.21 123.046683
3.22 124.115544
3.23 125.190601
3.24 126.271872
3.25 127.359375
3.26 128.453128
3.27 129.553149
3.28 130.659456
3.29 131.772067
3.3 132.891
3.31 134.016273
3.32 135.147904
3.33 136.285911
3.34 137.430312
3.35 138.581125
3.36 139.738368
3.37 140.902059
3.38 142.072216
3.39 143.248857
3.4 144.432
3.41 145.621663
3.42 146.817864
3.43 148.020621
3.44 149.229952
3.45 150.445875
3.46 151.668408
3.47 152.897569
3.48 154.133376
3.49 155.375847
3.5 156.625
3.51 157.880853
3.52 159.143424
3.53 160.412731
3.54 161.688792
3.55 162.971625
3.56 164.261248
3.57 165.557679
3.58 166.860936
3.59 168.171037
3.6 169.488
3.61 170.811843
3.62 172.142584
3.63 173.480241
3.64 174.824832
3.65 176.176375
3.66 177.534888
3.67 178.900389
3.68 180.272896
3.69 181.652427
3.7 183.039
3.71 184.432633
3.72 185.833344
3.73 187.241151
3.74 188.656072
3.75 190.078125
3.76 191.507328
3.77 192.943699
3.78 194.387256
3.79 195.838017
3.8 197.296
3.81 198.761223
3.82 200.233704
3.83 201.713461
3.84 203.200512
3.85 204.694875
3.86 206.196568
3.87 207.705609
3.88 209.222016
3.89 210.745807
3.9 212.277
3.91 213.815613
3.92 215.361664
3.93 216.915171
3.94 218.476152
3.95 220.044625
3.96 221.620608
3.97 223.204119
3.98 224.795176
3.99 226.393797
4.0 228.0
4.01 229.613803
4.02 231.235224
4.03 232.864281
4.04 234.500992
4.05 236.145375
4.06 237.797448
4.07 239.457229
4.08 241.124736
4.09 242.799987
4.1 244.483
4.11 246.173793
4.12 247.872384
4.13 249.578791
4.14 251.293032
4.15 253.015125
4.16 254.745088
4.17 256.482939
4.18 258.228696
4.19 259.982377
4.2 261.744
4.21 263.513583
4.22 265.291144
4.23 267.076701
4.24 268.870272
4.25 270.671875
4.26 272.481528
4.27 274.299249
4.28 276.125056
4.29 277.958967
4.3 279.801
4.31 281.651173
4.32 283.509504
4.33 285.376011
4.34 287.250712
4.35 289.133625
4.36 291.024768
4.37 292.924159
4.38 294.831816
4.39 296.747757
4.4 298.672
4.41 300.604563
4.42 302.545464
4.43 304.494721
4.44 306.452352
4.45 308.418375
4.46 310.392808
4.47 312.375669
4.48 314.366976
4.49 316.366747
4.5 318.375
4.51 320.391753
4.52 322.417024
4.53 324.450831
4.54 326.493192
4.55 328.544125
4.56 330.603648
4.57 332.671779
4.58 334.748536
4.59 336.833937
4.6 338.928
4.61 341.030743
4.62 343.142184
4.63 345.262341
4.64 347.391232
4.65 349.528875
4.66 351.675288
4.67 353.830489
4.68 355.994496
4.69 358.167327
4.7 360.349
4.71 362.539533
4.72 364.738944
4.73 366.947251
4.74 369.164472
4.75 371.390625
4.76 373.625728
4.77 375.869799
4.78 378.122856
4.79 380.384917
4.8 382.656
4.81 384.936123
4.82 387.225304
4.83 389.523561
4.84 391.830912
4.85 394.147375
4.86 396.472968
4.87 398.807709
4.88 401.151616
4.89 403.504707
4.9 405.867
4.91 408.238513
4.92 410.619264
4.93 413.009271
4.94 415.408552
4.95 417.817125
4.96 420.235008
4.97 422.662219
4.98 425.098776
4.99 427.544697
5.0 430.0
5.01 432.464703
5.02 434.938824
5.03 437.422381
5.04 439.915392
5.05 442.417875
5.06 444.929848
5.07 447.451329
5.08 449.982336
5.09 452.522887
5.1 455.073
5.11 457.632693
5.12 460.201984
5.13 462.780891
5.14 465.369432
5.15 467.967625
5.16 470.575488
5.17 473.193039
5.18 475.820296
5.19 478.457277
5.2 481.104
5.21 483.760483
5.22 486.426744
5.23 489.102801
5.24 491.788672
5.25 494.484375
5.26 497.189928
5.27 499.905349
5.28 502.630656
5.29 505.365867
5.3 508.111
5.31 510.866073
5.32 513.631104
5.33 516.406111
5.34 519.191112
5.35 521.986125
5.36 524.791168
5.37 527.606259
5.38 530.431416
5.39 533.266657
5.4 536.112
5.41 538.967463
5.42 541.833064
5.43 544.708821
5.44 547.594752
5.45 550.490875
5.46 553.397208
5.47 556.313769
5.48 559.240576
5.49 562.177647
5.5 565.125
5.51 568.082653
5.52 571.050624
5.53 574.028931
5.54 577.017592
5.55 580.016625
5.56 583.026048
5.57 586.045879
5.58 589.076136
5.59 592.116837
5.6 595.168
5.61 598.229643
5.62 601.301784
5.63 604.384441
5.64 607.477632
5.65 610.581375
5.66 613.695688
5.67 616.820589
5.68 619.956096
5.69 623.102227
5.7 626.259
5.71 629.426433
5.72 632.604544
5.73 635.793351
5.74 638.992872
5.75 642.203125
5.76 645.424128
5.77 648.655899
5.78 651.898456
5.79 655.151817
5.8 658.416
5.81 661.691023
5.82 664.976904
5.83 668.273661
5.84 671.581312
5.85 674.899875
5.86 678.229368
5.87 681.569809
5.88 684.921216
5.89 688.283607
5.9 691.657
5.91 695.041413
5.92 698.436864
5.93 701.843371
5.94 705.260952
5.95 708.689625
5.96 712.129408
5.97 715.580319
5.98 719.042376
5.99 722.515597
6.0 726.0
6.01 729.495603
6.02 733.002424
6.03 736.520481
6.04 740.049792
6.05 743.590375
6.06 747.142248
6.07 750.705429
6.08 754.279936
6.09 757.865787
6.1 761.463
6.11 765.071593
6.12 768.691584
6.13 772.322991
6.14 775.965832
6.15 779.620125
6.16 783.285888
6.17 786.963139
6.18 790.651896
6.19 794.352177
6.2 798.064
6.21 801.787383
6.22 805.522344
6.23 809.268901
6.24 813.027072
6.25 816.796875
6.26 820.578328
6.27 824.371449
6.28 828.176256
6.29 831.992767
6.3 835.821
6.31 839.660973
6.32 843.512704
6.33 847.376211
6.34 851.251512
6.35 855.138625
6.36 859.037568
6.37 862.948359
6.38 866.871016
6.39 870.805557
6.4 874.752
6.41 878.710363
6.42 882.680664
6.43 886.662921
6.44 890.657152
6.45 894.663375
6.46 898.681608
6.47 902.711869
6.48 906.754176
6.49 910.808547
6.5 914.875
6.51 918.953553
6.52 923.044224
6.53 927.147031
6.54 931.261992
6.55 935.389125
6.56 939.528448
6.57 943.679979
6.58 947.843736
6.59 952.019737
6.6 956.208
6.61 960.408543
6.62 964.621384
6.63 968.846541
6.64 973.084032
6.65 977.333875
6.66 981.596088
6.67 985.870689
6.68 990.157696
6.69 994.457127
6.7 998.769
6.71 1003.093333
6.72 1007.430144
6.73 1011.779451
6.74 1016.141272
6.75 1020.515625
6.76 1024.902528
6.77 1029.301999
6.78 1033.714056
6.79 1038.138717
6.8 1042.576
6.81 1047.025923
6.82 1051.488504
6.83 1055.963761
6.84 1060.451712
6.85 1064.952375
6.86 1069.465768
6.87 1073.991909
6.88 1078.530816
6.89 1083.082507
6.9 1087.647
6.91 1092.224313
6.92 1096.814464
6.93 1101.417471
6.94 1106.033352
6.95 1110.662125
6.96 1115.303808
6.97 1119.958419
6.98 1124.625976
6.99 1129.306497
7.0 1134.0
7.01 1138.706503
7.02 1143.426024
7.03 1148.158581
7.04 1152.904192
7.05 1157.662875
7.06 1162.434648
7.07 1167.219529
7.08 1172.017536
7.09 1176.828687
7.1 1181.653
7.11 1186.490493
7.12 1191.341184
7.13 1196.205091
7.14 1201.082232
7.15 1205.972625
7.16 1210.876288
7.17 1215.793239
7.18 1220.723496
7.19 1225.667077
7.2 1230.624
7.21 1235.594283
7.22 1240.577944
7.23 1245.575001
7.24 1250.585472
7.25 1255.609375
7.26 1260.646728
7.27 1265.697549
7.28 1270.761856
7.29 1275.839667
7.3 1280.931
7.31 1286.035873
7.32 1291.154304
7.33 1296.286311
7.34 1301.431912
7.35 1306.591125
7.36 1311.763968
7.37 1316.950459
7.38 1322.150616
7.39 1327.364457
7.4 1332.592
7.41 1337.833263
7.42 1343.088264
7.43 1348.357021
7.44 1353.639552
7.45 1358.935875
7.46 1364.246008
7.47 1369.569969
7.48 1374.907776
7.49 1380.259447
7.5 1385.625
7.51 1391.004453
7.52 1396.397824
7.53 1401.805131
7.54 1407.226392
7.55 1412.661625
7.56 1418.110848
7.57 1423.574079
7.58 1429.051336
7.59 1434.542637
7.6 1440.048
7.61 1445.567443
7.62 1451.100984
7.63 1456.648641
7.64 1462.210432
7.65 1467.786375
7.66 1473.376488
7.67 1478.980789
7.68 1484.599296
7.69 1490.232027
7.7 1495.879
7.71 1501.540233
7.72 1507.215744
7.73 1512.905551
7.74 1518.609672
7.75 1524.328125
7.76 1530.060928
7.77 1535.808099
7.78 1541.569656
7.79 1547.345617
7.8 1553.136
7.81 1558.940823
7.82 1564.760104
7.83 1570.593861
7.84 1576.442112
7.85 1582.304875
7.86 1588.182168
7.87 1594.074009
7.88 1599.980416
7.89 1605.901407
7.9 1611.837
7.91 1617.787213
7.92 1623.752064
7.93 1629.731571
7.94 1635.725752
7.95 1641.734625
7.96 1647.758208
7.97 1653.796519
7.98 1659.849576
7.99 1665.917397
8.0 1672.0
8.01 1678.097403
8.02 1684.209624
8.03 1690.336681
8.04 1696.478592
8.05 1702.635375
8.06 1708.807048
8.07 1714.993629
8.08 1721.195136
8.09 1727.411587
8.1 1733.643
8.11 1739.889393
8.12 1746.150784
8.13 1752.427191
8.14 1758.718632
8.15 1765.025125
8.16 1771.346688
8.17 1777.683339
8.18 1784.035096
8.19 1790.401977
8.2 1796.784
8.21 1803.181183
8.22 1809.593544
8.23 1816.021101
8.24 1822.463872
8.25 1828.921875
8.26 1835.395128
8.27 1841.883649
8.28 1848.387456
8.29 1854.906567
8.3 1861.441
8.31 1867.990773
8.32 1874.555904
8.33 1881.136411
8.34 1887.732312
8.35 1894.343625
8.36 1900.970368
8.37 1907.612559
8.38 1914.270216
8.39 1920.943357
8.4 1927.632
8.41 1934.336163
8.42 1941.055864
8.43 1947.791121
8.44 1954.541952
8.45 1961.308375
8.46 1968.090408
8.47 1974.888069
8.48 1981.701376
8.49 1988.530347
8.5 1995.375
8.51 2002.235353
8.52 2009.111424
8.53 2016.003231
8.54 2022.910792
8.55 2029.834125
8.56 2036.773248
8.57 2043.728179
8.58 2050.698936
8.59 2057.685537
8.6 2064.688
8.61 2071.706343
8.62 2078.740584
8.63 2085.790741
8.64 2092.856832
8.65 2099.938875
8.66 2107.036888
8.67 2114.150889
8.68 2121.280896
8.69 2128.426927
8.7 2135.589
8.71 2142.767133
8.72 2149.961344
8.73 2157.171651
8.74 2164.398072
8.75 2171.640625
8.76 2178.899328
8.77 2186.174199
8.78 2193.465256
8.79 2200.772517
8.8 2208.096
8.81 2215.435723
8.82 2222.791704
8.83 2230.163961
8.84 2237.552512
8.85 2244.957375
8.86 2252.378568
8.87 2259.816109
8.88 2267.270016
8.89 2274.740307
8.9 2282.227
8.91 2289.730113
8.92 2297.249664
8.93 2304.785671
8.94 2312.338152
8.95 2319.907125
8.96 2327.492608
8.97 2335.094619
8.98 2342.713176
8.99 2350.348297
9.0 2358.0
9.01 2365.668303
9.02 2373.353224
9.03 2381.054781
9.04 2388.772992
9.05 2396.507875
9.06 2404.259448
9.07 2412.027729
9.08 2419.812736
9.09 2427.614487
9.1 2435.433
9.11 2443.268293
9.12 2451.120384
9.13 2458.989291
9.14 2466.875032
9.15 2474.777625
9.16 2482.697088
9.17 2490.633439
9.18 2498.586696
9.19 2506.556877
9.2 2514.544
9.21 2522.548083
9.22 2530.569144
9.23 2538.607201
9.24 2546.662272
9.25 2554.734375
9.26 2562.823528
9.27 2570.929749
9.28 2579.053056
9.29 2587.193467
9.3 2595.351
9.31 2603.525673
9.32 2611.717504
9.33 2619.926511
9.34 2628.152712
9.35 2636.396125
9.36 2644.656768
9.37 2652.934659
9.38 2661.229816
9.39 2669.542257
9.4 2677.872
9.41 2686.219063
9.42 2694.583464
9.43 2702.965221
9.44 2711.364352
9.45 2719.780875
9.46 2728.214808
9.47 2736.666169
9.48 2745.134976
9.49 2753.621247
9.5 2762.125
9.51 2770.646253
9.52 2779.185024
9.53 2787.741331
9.54 2796.315192
9.55 2804.906625
9.56 2813.515648
9.57 2822.142279
9.58 2830.786536
9.59 2839.448437
9.6 2848.128
9.61 2856.825243
9.62 2865.540184
9.63 2874.272841
9.64 2883.023232
9.65 2891.791375
9.66 2900.577288
9.67 2909.380989
9.68 2918.202496
9.69 2927.041827
9.7 2935.899
9.71 2944.774033
9.72 2953.666944
9.73 2962.577751
9.74 2971.506472
9.75 2980.453125
9.76 2989.417728
9.77 2998.400299
9.78 3007.400856
9.79 3016.419417
9.8 3025.456
9.81 3034.510623
9.82 3043.583304
9.83 3052.674061
9.84 3061.782912
9.85 3070.909875
9.86 3080.054968
9.87 3089.218209
9.88 3098.399616
9.89 3107.599207
9.9 3116.817
9.91 3126.053013
9.92 3135.307264
9.93 3144.579771
9.94 3153.870552
9.95 3163.179625
9.96 3172.507008
9.97 3181.852719
9.98 3191.216776
9.99 3200.599197
10.0 3210.0
