200 199.6 199.2 198.8 198.4 
198.01 197.61 197.21 196.81 196.42 
196.02 195.62 195.23 194.83 194.44 
194.05 193.65 193.26 192.86 192.47 
192.08 191.69 191.3 190.91 190.52 
190.13 189.74 189.35 188.96 188.57 
188.18 187.79 187.4 187.02 186.63 
186.25 185.86 185.47 185.09 184.7 
184.32 183.94 183.55 183.17 182.79 
182.41 182.02 181.64 181.26 180.88 
180.5 180.12 179.74 179.36 178.98 
178.61 178.23 177.85 177.47 177.1 
176.72 176.34 175.97 175.59 175.22 
174.85 174.47 174.1 173.72 173.35 
172.98 172.61 172.24 171.87 171.5 
171.13 170.76 170.39 170.02 169.65 
169.28 168.91 168.54 168.18 167.81 
167.45 167.08 166.71 166.35 165.98 
165.62 165.26 164.89 164.53 164.17 
163.81 163.44 163.08 162.72 162.36 
162.0 161.64 161.28 160.92 160.56 
160.21 159.85 159.49 159.13 158.78 
158.42 158.06 157.71 157.35 157.0 
156.65 156.29 155.94 155.58 155.23 
154.88 154.53 154.18 153.83 153.48 
153.13 152.78 152.43 152.08 151.73 
151.38 151.03 150.68 150.34 149.99 
149.65 149.3 148.95 148.61 148.26 
147.92 147.58 147.23 146.89 146.55 
146.21 145.86 145.52 145.18 144.84 
144.5 144.16 143.82 143.48 143.14 
142.81 142.47 142.13 141.79 141.46 
141.12 140.78 140.45 140.11 139.78 
139.45 139.11 138.78 138.44 138.11 
137.78 137.45 137.12 136.79 136.46 
136.13 135.8 135.47 135.14 134.81 
134.48 134.15 133.82 133.5 133.17 
132.85 132.52 132.19 131.87 131.54 
131.22 130.9 130.57 130.25 129.93 
129.61 129.28 128.96 128.64 128.32 
128.0 127.68 127.36 127.04 126.72 
126.41 126.09 125.77 125.45 125.14 
124.82 124.5 124.19 123.87 123.56 
123.25 122.93 122.62 122.3 121.99 
121.68 121.37 121.06 120.75 120.44 
120.13 119.82 119.51 119.2 118.89 
118.58 118.27 117.96 117.66 117.35 
117.05 116.74 116.43 116.13 115.82 
115.52 115.22 114.91 114.61 114.31 
114.01 113.7 113.4 113.1 112.8 
112.5 112.2 111.9 111.6 111.3 
111.01 110.71 110.41 110.11 109.82 
109.52 109.22 108.93 108.63 108.34 
108.05 107.75 107.46 107.16 106.87 
106.58 106.29 106.0 105.71 105.42 
105.13 104.84 104.55 104.26 103.97 
103.68 103.39 103.1 102.82 102.53 
102.25 101.96 101.67 101.39 101.1 
100.82 100.54 100.25 99.97 99.69 
99.41 99.12 98.84 98.56 98.28 
98.0 97.72 97.44 97.16 96.88 
96.61 96.33 96.05 95.77 95.5 
95.22 94.94 94.67 94.39 94.12 
93.85 93.57 93.3 93.02 92.75 
92.48 92.21 91.94 91.67 91.4 
91.13 90.86 90.59 90.32 90.05 
89.78 89.51 89.24 88.98 88.71 
88.45 88.18 87.91 87.65 87.38 
87.12 86.86 86.59 86.33 86.07 
85.81 85.54 85.28 85.02 84.76 
84.5 84.24 83.98 83.72 83.46 
83.21 82.95 82.69 82.43 82.18 
81.92 81.66 81.41 81.15 80.9 
80.65 80.39 80.14 79.88 79.63 
79.38 79.13 78.88 78.63 78.38 
78.13 77.88 77.63 77.38 77.13 
76.88 76.63 76.38 76.14 75.89 
75.65 75.4 75.15 74.91 74.66 
74.42 74.18 73.93 73.69 73.45 
73.21 72.96 72.72 72.48 72.24 
72.0 71.76 71.52 71.28 71.04 
70.81 70.57 70.33 70.09 69.86 
69.62 69.38 69.15 68.91 68.68 
68.45 68.21 67.98 67.74 67.51 
67.28 67.05 66.82 66.59 66.36 
66.13 65.9 65.67 65.44 65.21 
64.98 64.75 64.52 64.3 64.07 
63.85 63.62 63.39 63.17 62.94 
62.72 62.5 62.27 62.05 61.83 
61.61 61.38 61.16 60.94 60.72 
60.5 60.28 60.06 59.84 59.62 
59.41 59.19 58.97 58.75 58.54 
58.32 58.1 57.89 57.67 57.46 
57.25 57.03 56.82 56.6 56.39 
56.18 55.97 55.76 55.55 55.34 
55.13 54.92 54.71 54.5 54.29 
54.08 53.87 53.66 53.46 53.25 
53.05 52.84 52.63 52.43 52.22 
52.02 51.82 51.61 51.41 51.21 
51.01 50.8 50.6 50.4 50.2 
50.0 49.8 49.6 49.4 49.2 
49.01 48.81 48.61 48.41 48.22 
48.02 47.82 47.63 47.43 47.24 
47.05 46.85 46.66 46.46 46.27 
46.08 45.89 45.7 45.51 45.32 
45.13 44.94 44.75 44.56 44.37 
44.18 43.99 43.8 43.62 43.43 
43.25 43.06 42.87 42.69 42.5 
42.32 42.14 41.95 41.77 41.59 
41.41 41.22 41.04 40.86 40.68 
40.5 40.32 40.14 39.96 39.78 
39.61 39.43 39.25 39.07 38.9 
38.72 38.54 38.37 38.19 38.02 
37.85 37.67 37.5 37.32 37.15 
36.98 36.81 36.64 36.47 36.3 
36.13 35.96 35.79 35.62 35.45 
35.28 35.11 34.94 34.78 34.61 
34.45 34.28 34.11 33.95 33.78 
33.62 33.46 33.29 33.13 32.97 
32.81 32.64 32.48 32.32 32.16 
32.0 31.84 31.68 31.52 31.36 
31.21 31.05 30.89 30.73 30.58 
30.42 30.26 30.11 29.95 29.8 
29.65 29.49 29.34 29.18 29.03 
28.88 28.73 28.58 28.43 28.28 
28.13 27.98 27.83 27.68 27.53 
27.38 27.23 27.08 26.94 26.79 
26.65 26.5 26.35 26.21 26.06 
25.92 25.78 25.63 25.49 25.35 
25.21 25.06 24.92 24.78 24.64 
24.5 24.36 24.22 24.08 23.94 
23.81 23.67 23.53 23.39 23.26 
23.12 22.98 22.85 22.71 22.58 
22.45 22.31 22.18 22.04 21.91 
21.78 21.65 21.52 21.39 21.26 
21.13 21.0 20.87 20.74 20.61 
20.48 20.35 20.22 20.1 19.97 
19.85 19.72 19.59 19.47 19.34 
19.22 19.1 18.97 18.85 18.73 
18.61 18.48 18.36 18.24 18.12 
18.0 17.88 17.76 17.64 17.52 
17.41 17.29 17.17 17.05 16.94 
16.82 16.7 16.59 16.47 16.36 
16.25 16.13 16.02 15.9 15.79 
15.68 15.57 15.46 15.35 15.24 
15.13 15.02 14.91 14.8 14.69 
14.58 14.47 14.36 14.26 14.15 
14.05 13.94 13.83 13.73 13.62 
13.52 13.42 13.31 13.21 13.11 
13.01 12.9 12.8 12.7 12.6 
12.5 12.4 12.3 12.2 12.1 
12.01 11.91 11.81 11.71 11.62 
11.52 11.42 11.33 11.23 11.14 
11.05 10.95 10.86 10.76 10.67 
10.58 10.49 10.4 10.31 10.22 
10.13 10.04 9.95 9.86 9.77 
9.68 9.59 9.5 9.42 9.33 
9.25 9.16 9.07 8.99 8.9 
8.82 8.74 8.65 8.57 8.49 
8.41 8.32 8.24 8.16 8.08 
8.0 7.92 7.84 7.76 7.68 
7.61 7.53 7.45 7.37 7.3 
7.22 7.14 7.07 6.99 6.92 
6.85 6.77 6.7 6.62 6.55 
6.48 6.41 6.34 6.27 6.2 
6.13 6.06 5.99 5.92 5.85 
5.78 5.71 5.64 5.58 5.51 
5.45 5.38 5.31 5.25 5.18 
5.12 5.06 4.99 4.93 4.87 
4.81 4.74 4.68 4.62 4.56 
4.5 4.44 4.38 4.32 4.26 
4.21 4.15 4.09 4.03 3.98 
3.92 3.86 3.81 3.75 3.7 
3.65 3.59 3.54 3.48 3.43 
3.38 3.33 3.28 3.23 3.18 
3.13 3.08 3.03 2.98 2.93 
2.88 2.83 2.78 2.74 2.69 
2.65 2.6 2.55 2.51 2.46 
2.42 2.38 2.33 2.29 2.25 
2.21 2.16 2.12 2.08 2.04 
2.0 1.96 1.92 1.88 1.84 
1.81 1.77 1.73 1.69 1.66 
1.62 1.58 1.55 1.51 1.48 
1.45 1.41 1.38 1.34 1.31 
1.28 1.25 1.22 1.19 1.16 
1.13 1.1 1.07 1.04 1.01 
0.98 0.95 0.92 0.9 0.87 
0.85 0.82 0.79 0.77 0.74 
0.72 0.7 0.67 0.65 0.63 
0.61 0.58 0.56 0.54 0.52 
0.5 0.48 0.46 0.44 0.42 
0.41 0.39 0.37 0.35 0.34 
0.32 0.3 0.29 0.27 0.26 
0.25 0.23 0.22 0.2 0.19 
0.18 0.17 0.16 0.15 0.14 
0.13 0.12 0.11 0.1 0.09 
0.08 0.07 0.06 0.06 0.05 
0.05 0.04 0.03 0.03 0.02 
0.02 0.02 0.01 0.01 0.01 
0.01 0.0 0.0 0.0 0.0 
0.0 0.0 0.0 0.0 0.0 
0.0 0.01 0.01 0.01 0.02 
0.02 0.02 0.03 0.03 0.04 
0.04 0.05 0.06 0.06 0.07 
0.08 0.09 0.1 0.11 0.12 
0.12 0.14 0.15 0.16 0.17 
0.18 0.19 0.2 0.22 0.23 
0.24 0.26 0.27 0.29 0.3 
0.32 0.34 0.35 0.37 0.39 
0.4 0.42 0.44 0.46 0.48 
0.5 0.52 0.54 0.56 0.58 
0.6 0.63 0.65 0.67 0.7 
0.72 0.74 0.77 0.79 0.82 
0.84 0.87 0.9 0.92 0.95 
0.98 1.01 1.04 1.07 1.1 
1.12 1.16 1.19 1.22 1.25 
1.28 1.31 1.34 1.38 1.41 
1.44 1.48 1.51 1.55 1.58 
1.62 1.66 1.69 1.73 1.77 
1.8 1.84 1.88 1.92 1.96 
2.0 2.04 2.08 2.12 2.16 
2.2 2.25 2.29 2.33 2.38 
2.42 2.46 2.51 2.55 2.6 
2.64 2.69 2.74 2.78 2.83 
2.88 2.93 2.98 3.03 3.08 
3.12 3.18 3.23 3.28 3.33 
3.38 3.43 3.48 3.54 3.59 
3.64 3.7 3.75 3.81 3.86 
3.92 3.98 4.03 4.09 4.15 
4.2 4.26 4.32 4.38 4.44 
4.5 4.56 4.62 4.68 4.74 
4.8 4.87 4.93 4.99 5.06 
5.12 5.18 5.25 5.31 5.38 
5.44 5.51 5.58 5.64 5.71 
5.78 5.85 5.92 5.99 6.06 
6.12 6.2 6.27 6.34 6.41 
6.48 6.55 6.62 6.7 6.77 
6.84 6.92 6.99 7.07 7.14 
7.22 7.3 7.37 7.45 7.53 
7.6 7.68 7.76 7.84 7.92 
8.0 8.08 8.16 8.24 8.32 
8.4 8.49 8.57 8.65 8.74 
8.82 8.9 8.99 9.07 9.16 
9.24 9.33 9.42 9.5 9.59 
9.68 9.77 9.86 9.95 10.04 
10.12 10.22 10.31 10.4 10.49 
10.58 10.67 10.76 10.86 10.95 
11.04 11.14 11.23 11.33 11.42 
11.52 11.62 11.71 11.81 11.91 
12.0 12.1 12.2 12.3 12.4 
12.5 12.6 12.7 12.8 12.9 
13.0 13.11 13.21 13.31 13.42 
13.52 13.62 13.73 13.83 13.94 
14.04 14.15 14.26 14.36 14.47 
14.58 14.69 14.8 14.91 15.02 
15.12 15.24 15.35 15.46 15.57 
15.68 15.79 15.9 16.02 16.13 
16.24 16.36 16.47 16.59 16.7 
16.82 16.94 17.05 17.17 17.29 
17.4 17.52 17.64 17.76 17.88 
18.0 18.12 18.24 18.36 18.48 
18.6 18.73 18.85 18.97 19.1 
19.22 19.34 19.47 19.59 19.72 
19.84 19.97 20.1 20.22 20.35 
20.48 20.61 20.74 20.87 21.0 
21.12 21.26 21.39 21.52 21.65 
21.78 21.91 22.04 22.18 22.31 
22.44 22.58 22.71 22.85 22.98 
23.12 23.26 23.39 23.53 23.67 
23.8 23.94 24.08 24.22 24.36 
24.5 24.64 24.78 24.92 25.06 
25.2 25.35 25.49 25.63 25.78 
25.92 26.06 26.21 26.35 26.5 
26.64 26.79 26.94 27.08 27.23 
27.38 27.53 27.68 27.83 27.98 
28.12 28.28 28.43 28.58 28.73 
28.88 29.03 29.18 29.34 29.49 
29.64 29.8 29.95 30.11 30.26 
30.42 30.58 30.73 30.89 31.05 
31.2 31.36 31.52 31.68 31.84 
32.0 32.16 32.32 32.48 32.64 
32.8 32.97 33.13 33.29 33.46 
33.62 33.78 33.95 34.11 34.28 
34.44 34.61 34.78 34.94 35.11 
35.28 35.45 35.62 35.79 35.96 
36.12 36.3 36.47 36.64 36.81 
36.98 37.15 37.32 37.5 37.67 
37.84 38.02 38.19 38.37 38.54 
38.72 38.9 39.07 39.25 39.43 
39.6 39.78 39.96 40.14 40.32 
40.5 40.68 40.86 41.04 41.22 
41.4 41.59 41.77 41.95 42.14 
42.32 42.5 42.69 42.87 43.06 
43.24 43.43 43.62 43.8 43.99 
44.18 44.37 44.56 44.75 44.94 
45.12 45.32 45.51 45.7 45.89 
46.08 46.27 46.46 46.66 46.85 
47.04 47.24 47.43 47.63 47.82 
48.02 48.22 48.41 48.61 48.81 
49.0 49.2 49.4 49.6 49.8 
50.0 50.2 50.4 50.6 50.8 
51.0 51.21 51.41 51.61 51.82 
52.02 52.22 52.43 52.63 52.84 
53.04 53.25 53.46 53.66 53.87 
54.08 54.29 54.5 54.71 54.92 
55.12 55.34 55.55 55.76 55.97 
56.18 56.39 56.6 56.82 57.03 
57.24 57.46 57.67 57.89 58.1 
58.32 58.54 58.75 58.97 59.19 
59.4 59.62 59.84 60.06 60.28 
60.5 60.72 60.94 61.16 61.38 
61.6 61.83 62.05 62.27 62.5 
62.72 62.94 63.17 63.39 63.62 
63.84 64.07 64.3 64.52 64.75 
64.98 65.21 65.44 65.67 65.9 
66.12 66.36 66.59 66.82 67.05 
67.28 67.51 67.74 67.98 68.21 
68.44 68.68 68.91 69.15 69.38 
69.62 69.86 70.09 70.33 70.57 
70.8 71.04 71.28 71.52 71.76 
72.0 72.24 72.48 72.72 72.96 
73.2 73.45 73.69 73.93 74.18 
74.42 74.66 74.91 75.15 75.4 
75.64 75.89 76.14 76.38 76.63 
76.88 77.13 77.38 77.63 77.88 
78.12 78.38 78.63 78.88 79.13 
79.38 79.63 79.88 80.14 80.39 
80.64 80.9 81.15 81.41 81.66 
81.92 82.18 82.43 82.69 82.95 
83.2 83.46 83.72 83.98 84.24 
84.5 84.76 85.02 85.28 85.54 
85.8 86.07 86.33 86.59 86.86 
87.12 87.38 87.65 87.91 88.18 
88.44 88.71 88.98 89.24 89.51 
89.78 90.05 90.32 90.59 90.86 
91.12 91.4 91.67 91.94 92.21 
92.48 92.75 93.02 93.3 93.57 
93.84 94.12 94.39 94.67 94.94 
95.22 95.5 95.77 96.05 96.33 
96.6 96.88 97.16 97.44 97.72 
98.0 98.28 98.56 98.84 99.12 
99.4 99.69 99.97 100.25 100.54 
100.82 101.1 101.39 101.67 101.96 
102.24 102.53 102.82 103.1 103.39 
103.68 103.97 104.26 104.55 104.84 
105.12 105.42 105.71 106.0 106.29 
106.58 106.87 107.16 107.46 107.75 
108.04 108.34 108.63 108.93 109.22 
109.52 109.82 110.11 110.41 110.71 
111.0 111.3 111.6 111.9 112.2 
112.5 112.8 113.1 113.4 113.7 
114.0 114.31 114.61 114.91 115.22 
115.52 115.82 116.13 116.43 116.74 
117.04 117.35 117.66 117.96 118.27 
118.58 118.89 119.2 119.51 119.82 
120.12 120.44 120.75 121.06 121.37 
121.68 121.99 122.3 122.62 122.93 
123.24 123.56 123.87 124.19 124.5 
124.82 125.14 125.45 125.77 126.09 
126.4 126.72 127.04 127.36 127.68 
128.0 128.32 128.64 128.96 129.28 
129.6 129.93 130.25 130.57 130.9 
131.22 131.54 131.87 132.19 132.52 
132.84 133.17 133.5 133.82 134.15 
134.48 134.81 135.14 135.47 135.8 
136.12 136.46 136.79 137.12 137.45 
137.78 138.11 138.44 138.78 139.11 
139.44 139.78 140.11 140.45 140.78 
141.12 141.46 141.79 142.13 142.47 
142.8 143.14 143.48 143.82 144.16 
144.5 144.84 145.18 145.52 145.86 
146.2 146.55 146.89 147.23 147.58 
147.92 148.26 148.61 148.95 149.3 
149.64 149.99 150.34 150.68 151.03 
151.38 151.73 152.08 152.43 152.78 
153.12 153.48 153.83 154.18 154.53 
154.88 155.23 155.58 155.94 156.29 
156.64 157.0 157.35 157.71 158.06 
158.42 158.78 159.13 159.49 159.85 
160.2 160.56 160.92 161.28 161.64 
162.0 162.36 162.72 163.08 163.44 
163.8 164.17 164.53 164.89 165.26 
165.62 165.98 166.35 166.71 167.08 
167.44 167.81 168.18 168.54 168.91 
169.28 169.65 170.02 170.39 170.76 
171.12 171.5 171.87 172.24 172.61 
172.98 173.35 173.72 174.1 174.47 
174.84 175.22 175.59 175.97 176.34 
176.72 177.1 177.47 177.85 178.23 
178.6 178.98 179.36 179.74 180.12 
180.5 180.88 181.26 181.64 182.02 
182.4 182.79 183.17 183.55 183.94 
184.32 184.7 185.09 185.47 185.86 
186.24 186.63 187.02 187.4 187.79 
188.18 188.57 188.96 189.35 189.74 
190.12 190.52 190.91 191.3 191.69 
192.08 192.47 192.86 193.26 193.65 
194.04 194.44 194.83 195.23 195.62 
196.02 196.42 196.81 197.21 197.61 
198.0 198.4 198.8 199.2 199.6 
200.0 