-3000 -2991.01 -2982.04 -2973.08 -2964.14 
-2955.22 -2946.32 -2937.44 -2928.57 -2919.73 
-2910.9 -2902.09 -2893.29 -2884.51 -2875.76 
-2867.01 -2858.29 -2849.59 -2840.9 -2832.23 
-2823.58 -2814.94 -2806.32 -2797.72 -2789.14 
-2780.58 -2772.03 -2763.5 -2754.99 -2746.5 
-2738.02 -2729.56 -2721.12 -2712.69 -2704.29 
-2695.9 -2687.52 -2679.17 -2670.83 -2662.51 
-2654.21 -2645.92 -2637.65 -2629.4 -2621.17 
-2612.95 -2604.75 -2596.57 -2588.4 -2580.26 
-2572.13 -2564.01 -2555.91 -2547.83 -2539.77 
-2531.73 -2523.7 -2515.69 -2507.69 -2499.71 
-2491.75 -2483.81 -2475.88 -2467.97 -2460.08 
-2452.2 -2444.34 -2436.5 -2428.67 -2420.86 
-2413.07 -2405.3 -2397.54 -2389.79 -2382.07 
-2374.36 -2366.67 -2358.99 -2351.33 -2343.69 
-2336.06 -2328.45 -2320.86 -2313.29 -2305.73 
-2298.18 -2290.66 -2283.15 -2275.65 -2268.17 
-2260.71 -2253.27 -2245.84 -2238.43 -2231.03 
-2223.65 -2216.29 -2208.94 -2201.61 -2194.3 
-2187.0 -2179.72 -2172.45 -2165.2 -2157.97 
-2150.75 -2143.55 -2136.37 -2129.2 -2122.04 
-2114.91 -2107.79 -2100.68 -2093.59 -2086.52 
-2079.46 -2072.42 -2065.4 -2058.39 -2051.39 
-2044.42 -2037.45 -2030.51 -2023.58 -2016.66 
-2009.77 -2002.88 -1996.02 -1989.16 -1982.33 
-1975.51 -1968.7 -1961.92 -1955.14 -1948.39 
-1941.64 -1934.92 -1928.21 -1921.51 -1914.83 
-1908.17 -1901.52 -1894.89 -1888.27 -1881.67 
-1875.08 -1868.51 -1861.95 -1855.41 -1848.89 
-1842.38 -1835.88 -1829.4 -1822.94 -1816.49 
-1810.05 -1803.63 -1797.23 -1790.84 -1784.47 
-1778.11 -1771.77 -1765.44 -1759.13 -1752.83 
-1746.55 -1740.28 -1734.03 -1727.79 -1721.57 
-1715.36 -1709.17 -1702.99 -1696.83 -1690.68 
-1684.55 -1678.43 -1672.33 -1666.24 -1660.16 
-1654.1 -1648.06 -1642.03 -1636.02 -1630.02 
-1624.03 -1618.06 -1612.1 -1606.16 -1600.24 
-1594.32 -1588.43 -1582.54 -1576.67 -1570.82 
-1564.98 -1559.16 -1553.34 -1547.55 -1541.77 
-1536.0 -1530.25 -1524.51 -1518.78 -1513.08 
-1507.38 -1501.7 -1496.03 -1490.38 -1484.74 
-1479.12 -1473.51 -1467.91 -1462.33 -1456.76 
-1451.21 -1445.67 -1440.15 -1434.64 -1429.14 
-1423.66 -1418.19 -1412.73 -1407.29 -1401.87 
-1396.45 -1391.05 -1385.67 -1380.3 -1374.94 
-1369.6 -1364.27 -1358.95 -1353.65 -1348.37 
-1343.09 -1337.83 -1332.58 -1327.35 -1322.13 
-1316.93 -1311.74 -1306.56 -1301.39 -1296.24 
-1291.11 -1285.98 -1280.87 -1275.78 -1270.69 
-1265.63 -1260.57 -1255.53 -1250.5 -1245.48 
-1240.48 -1235.49 -1230.52 -1225.56 -1220.61 
-1215.67 -1210.75 -1205.84 -1200.95 -1196.06 
-1191.2 -1186.34 -1181.5 -1176.67 -1171.85 
-1167.05 -1162.26 -1157.49 -1152.72 -1147.97 
-1143.23 -1138.51 -1133.8 -1129.1 -1124.42 
-1119.74 -1115.08 -1110.44 -1105.81 -1101.19 
-1096.58 -1091.98 -1087.4 -1082.83 -1078.28 
-1073.73 -1069.2 -1064.68 -1060.18 -1055.69 
-1051.21 -1046.74 -1042.29 -1037.85 -1033.42 
-1029.0 -1024.6 -1020.21 -1015.83 -1011.46 
-1007.11 -1002.77 -998.44 -994.12 -989.82 
-985.53 -981.25 -976.98 -972.73 -968.49 
-964.26 -960.04 -955.84 -951.64 -947.46 
-943.3 -939.14 -935.0 -930.87 -926.75 
-922.64 -918.55 -914.46 -910.39 -906.34 
-902.29 -898.25 -894.23 -890.22 -886.22 
-882.24 -878.26 -874.3 -870.35 -866.41 
-862.49 -858.57 -854.67 -850.78 -846.9 
-843.03 -839.18 -835.34 -831.5 -827.68 
-823.88 -820.08 -816.29 -812.52 -808.76 
-805.01 -801.27 -797.54 -793.83 -790.12 
-786.43 -782.75 -779.08 -775.42 -771.78 
-768.14 -764.52 -760.91 -757.31 -753.72 
-750.14 -746.57 -743.02 -739.48 -735.94 
-732.42 -728.91 -725.41 -721.93 -718.45 
-714.98 -711.53 -708.09 -704.66 -701.23 
-697.83 -694.43 -691.04 -687.66 -684.3 
-680.94 -677.6 -674.27 -670.95 -667.64 
-664.34 -661.05 -657.77 -654.5 -651.25 
-648.0 -644.77 -641.54 -638.33 -635.13 
-631.93 -628.75 -625.58 -622.42 -619.28 
-616.14 -613.01 -609.89 -606.79 -603.69 
-600.6 -597.53 -594.47 -591.41 -588.37 
-585.34 -582.31 -579.3 -576.3 -573.31 
-570.33 -567.36 -564.4 -561.45 -558.51 
-555.58 -552.66 -549.75 -546.85 -543.96 
-541.09 -538.22 -535.36 -532.51 -529.68 
-526.85 -524.03 -521.22 -518.43 -515.64 
-512.86 -510.09 -507.34 -504.59 -501.85 
-499.13 -496.41 -493.7 -491.0 -488.31 
-485.64 -482.97 -480.31 -477.66 -475.02 
-472.39 -469.77 -467.16 -464.56 -461.97 
-459.39 -456.82 -454.26 -451.71 -449.16 
-446.63 -444.11 -441.59 -439.09 -436.59 
-434.11 -431.63 -429.17 -426.71 -424.26 
-421.82 -419.4 -416.98 -414.57 -412.16 
-409.77 -407.39 -405.02 -402.65 -400.3 
-397.95 -395.62 -393.29 -390.97 -388.66 
-386.36 -384.07 -381.79 -379.52 -377.25 
-375.0 -372.75 -370.52 -368.29 -366.07 
-363.86 -361.66 -359.47 -357.29 -355.11 
-352.95 -350.79 -348.64 -346.5 -344.37 
-342.25 -340.14 -338.04 -335.94 -333.85 
-331.78 -329.71 -327.65 -325.59 -323.55 
-321.52 -319.49 -317.47 -315.46 -313.46 
-311.47 -309.49 -307.51 -305.54 -303.58 
-301.63 -299.69 -297.76 -295.83 -293.92 
-292.01 -290.11 -288.22 -286.33 -284.46 
-282.59 -280.73 -278.88 -277.04 -275.2 
-273.38 -271.56 -269.75 -267.94 -266.15 
-264.36 -262.59 -260.81 -259.05 -257.3 
-255.55 -253.81 -252.08 -250.36 -248.65 
-246.94 -245.24 -243.55 -241.86 -240.19 
-238.52 -236.86 -235.21 -233.56 -231.93 
-230.3 -228.68 -227.06 -225.45 -223.86 
-222.26 -220.68 -219.1 -217.54 -215.97 
-214.42 -212.87 -211.33 -209.8 -208.28 
-206.76 -205.25 -203.75 -202.26 -200.77 
-199.29 -197.82 -196.35 -194.89 -193.44 
-192.0 -190.56 -189.13 -187.71 -186.3 
-184.89 -183.49 -182.1 -180.71 -179.33 
-177.96 -176.59 -175.23 -173.88 -172.54 
-171.2 -169.87 -168.55 -167.23 -165.92 
-164.62 -163.32 -162.03 -160.75 -159.47 
-158.2 -156.94 -155.69 -154.44 -153.19 
-151.96 -150.73 -149.51 -148.29 -147.08 
-145.88 -144.69 -143.5 -142.31 -141.14 
-139.97 -138.8 -137.65 -136.5 -135.35 
-134.22 -133.09 -131.96 -130.84 -129.73 
-128.63 -127.53 -126.43 -125.35 -124.27 
-123.19 -122.12 -121.06 -120.01 -118.96 
-117.91 -116.87 -115.84 -114.82 -113.8 
-112.79 -111.78 -110.78 -109.78 -108.79 
-107.81 -106.83 -105.86 -104.9 -103.94 
-102.98 -102.04 -101.09 -100.16 -99.23 
-98.3 -97.39 -96.47 -95.57 -94.66 
-93.77 -92.88 -91.99 -91.11 -90.24 
-89.37 -88.51 -87.65 -86.8 -85.96 
-85.12 -84.28 -83.45 -82.63 -81.81 
-81.0 -80.19 -79.39 -78.59 -77.8 
-77.02 -76.24 -75.46 -74.69 -73.93 
-73.17 -72.41 -71.66 -70.92 -70.18 
-69.45 -68.72 -68.0 -67.28 -66.56 
-65.86 -65.15 -64.45 -63.76 -63.07 
-62.39 -61.71 -61.04 -60.37 -59.71 
-59.05 -58.4 -57.75 -57.1 -56.46 
-55.83 -55.2 -54.57 -53.95 -53.34 
-52.73 -52.12 -51.52 -50.92 -50.33 
-49.74 -49.16 -48.58 -48.01 -47.44 
-46.88 -46.31 -45.76 -45.21 -44.66 
-44.12 -43.58 -43.05 -42.52 -41.99 
-41.47 -40.96 -40.44 -39.94 -39.43 
-38.93 -38.44 -37.95 -37.46 -36.98 
-36.5 -36.03 -35.56 -35.09 -34.63 
-34.17 -33.72 -33.27 -32.82 -32.38 
-31.94 -31.51 -31.08 -30.65 -30.23 
-29.82 -29.4 -28.99 -28.58 -28.18 
-27.78 -27.39 -27.0 -26.61 -26.23 
-25.85 -25.47 -25.1 -24.73 -24.36 
-24.0 -23.64 -23.29 -22.94 -22.59 
-22.24 -21.9 -21.57 -21.23 -20.9 
-20.58 -20.25 -19.93 -19.62 -19.3 
-18.99 -18.69 -18.39 -18.09 -17.79 
-17.5 -17.21 -16.92 -16.64 -16.36 
-16.08 -15.8 -15.53 -15.27 -15.0 
-14.74 -14.48 -14.22 -13.97 -13.72 
-13.48 -13.23 -12.99 -12.75 -12.52 
-12.29 -12.06 -11.83 -11.61 -11.39 
-11.17 -10.96 -10.74 -10.54 -10.33 
-10.13 -9.92 -9.73 -9.53 -9.34 
-9.15 -8.96 -8.77 -8.59 -8.41 
-8.23 -8.06 -7.88 -7.71 -7.55 
-7.38 -7.22 -7.06 -6.9 -6.74 
-6.59 -6.44 -6.29 -6.15 -6.0 
-5.86 -5.72 -5.58 -5.45 -5.31 
-5.18 -5.06 -4.93 -4.8 -4.68 
-4.56 -4.44 -4.33 -4.21 -4.1 
-3.99 -3.89 -3.78 -3.68 -3.57 
-3.47 -3.37 -3.28 -3.18 -3.09 
-3.0 -2.91 -2.82 -2.74 -2.65 
-2.57 -2.49 -2.41 -2.34 -2.26 
-2.19 -2.11 -2.04 -1.98 -1.91 
-1.84 -1.78 -1.72 -1.65 -1.59 
-1.54 -1.48 -1.42 -1.37 -1.32 
-1.27 -1.22 -1.17 -1.12 -1.07 
-1.03 -0.99 -0.94 -0.9 -0.86 
-0.82 -0.79 -0.75 -0.71 -0.68 
-0.65 -0.62 -0.59 -0.56 -0.53 
-0.5 -0.47 -0.45 -0.42 -0.4 
-0.38 -0.35 -0.33 -0.31 -0.29 
-0.27 -0.26 -0.24 -0.22 -0.21 
-0.19 -0.18 -0.16 -0.15 -0.14 
-0.13 -0.12 -0.11 -0.1 -0.09 
-0.08 -0.07 -0.07 -0.06 -0.05 
-0.05 -0.04 -0.04 -0.03 -0.03 
-0.02 -0.02 -0.02 -0.01 -0.01 
-0.01 -0.01 -0.01 -0.01 -0.0 
-0.0 -0.0 -0.0 -0.0 -0.0 
-0.0 -0.0 -0.0 -0.0 -0.0 
-0.0 0.0 0.0 0.0 0.0 
0.0 0.0 0.0 0.0 0.0 
0.0 0.0 0.01 0.01 0.01 
0.01 0.01 0.01 0.02 0.02 
0.02 0.03 0.03 0.04 0.04 
0.05 0.05 0.06 0.07 0.07 
0.08 0.09 0.1 0.11 0.12 
0.13 0.14 0.15 0.16 0.18 
0.19 0.21 0.22 0.24 0.26 
0.27 0.29 0.31 0.33 0.35 
0.37 0.4 0.42 0.45 0.47 
0.5 0.53 0.56 0.59 0.62 
0.65 0.68 0.71 0.75 0.79 
0.82 0.86 0.9 0.94 0.99 
1.03 1.07 1.12 1.17 1.22 
1.27 1.32 1.37 1.42 1.48 
1.54 1.59 1.65 1.72 1.78 
1.84 1.91 1.98 2.04 2.11 
2.19 2.26 2.34 2.41 2.49 
2.57 2.65 2.74 2.82 2.91 
3.0 3.09 3.18 3.28 3.37 
3.47 3.57 3.68 3.78 3.89 
3.99 4.1 4.21 4.33 4.44 
4.56 4.68 4.8 4.93 5.06 
5.18 5.31 5.45 5.58 5.72 
5.86 6.0 6.15 6.29 6.44 
6.59 6.74 6.9 7.06 7.22 
7.38 7.55 7.71 7.88 8.06 
8.23 8.41 8.59 8.77 8.96 
9.15 9.34 9.53 9.73 9.92 
10.12 10.33 10.54 10.74 10.96 
11.17 11.39 11.61 11.83 12.06 
12.29 12.52 12.75 12.99 13.23 
13.48 13.72 13.97 14.22 14.48 
14.74 15.0 15.27 15.53 15.8 
16.08 16.36 16.64 16.92 17.21 
17.5 17.79 18.09 18.39 18.69 
18.99 19.3 19.62 19.93 20.25 
20.58 20.9 21.23 21.57 21.9 
22.24 22.59 22.94 23.29 23.64 
24.0 24.36 24.73 25.1 25.47 
25.85 26.23 26.61 27.0 27.39 
27.78 28.18 28.58 28.99 29.4 
29.82 30.23 30.65 31.08 31.51 
31.94 32.38 32.82 33.27 33.72 
34.17 34.63 35.09 35.56 36.03 
36.5 36.98 37.46 37.95 38.44 
38.93 39.43 39.94 40.44 40.96 
41.47 41.99 42.52 43.05 43.58 
44.12 44.66 45.21 45.76 46.31 
46.87 47.44 48.01 48.58 49.16 
49.74 50.33 50.92 51.52 52.12 
52.73 53.34 53.95 54.57 55.2 
55.83 56.46 57.1 57.75 58.4 
59.05 59.71 60.37 61.04 61.71 
62.39 63.07 63.76 64.45 65.15 
65.86 66.56 67.28 68.0 68.72 
69.45 70.18 70.92 71.66 72.41 
73.17 73.93 74.69 75.46 76.24 
77.02 77.8 78.59 79.39 80.19 
81.0 81.81 82.63 83.45 84.28 
85.12 85.96 86.8 87.65 88.51 
89.37 90.24 91.11 91.99 92.88 
93.77 94.66 95.57 96.47 97.39 
98.3 99.23 100.16 101.09 102.04 
102.98 103.94 104.9 105.86 106.83 
107.81 108.79 109.78 110.78 111.78 
112.79 113.8 114.82 115.84 116.87 
117.91 118.96 120.01 121.06 122.12 
123.19 124.27 125.35 126.43 127.53 
128.62 129.73 130.84 131.96 133.09 
134.22 135.35 136.5 137.65 138.8 
139.97 141.14 142.31 143.5 144.69 
145.88 147.08 148.29 149.51 150.73 
151.96 153.19 154.44 155.69 156.94 
158.2 159.47 160.75 162.03 163.32 
164.62 165.92 167.23 168.55 169.87 
171.2 172.54 173.88 175.23 176.59 
177.96 179.33 180.71 182.1 183.49 
184.89 186.3 187.71 189.13 190.56 
192.0 193.44 194.89 196.35 197.82 
199.29 200.77 202.26 203.75 205.25 
206.76 208.28 209.8 211.33 212.87 
214.42 215.97 217.54 219.1 220.68 
222.26 223.86 225.45 227.06 228.68 
230.3 231.93 233.56 235.21 236.86 
238.52 240.19 241.86 243.55 245.24 
246.94 248.65 250.36 252.08 253.81 
255.55 257.3 259.05 260.81 262.59 
264.36 266.15 267.94 269.75 271.56 
273.37 275.2 277.04 278.88 280.73 
282.59 284.46 286.33 288.22 290.11 
292.01 293.92 295.83 297.76 299.69 
301.63 303.58 305.54 307.51 309.49 
311.47 313.46 315.46 317.47 319.49 
321.52 323.55 325.59 327.65 329.71 
331.78 333.85 335.94 338.04 340.14 
342.25 344.37 346.5 348.64 350.79 
352.95 355.11 357.29 359.47 361.66 
363.86 366.07 368.29 370.52 372.75 
375.0 377.25 379.52 381.79 384.07 
386.36 388.66 390.97 393.29 395.62 
397.95 400.3 402.65 405.02 407.39 
409.77 412.16 414.57 416.98 419.4 
421.82 424.26 426.71 429.17 431.63 
434.11 436.59 439.09 441.59 444.11 
446.63 449.16 451.71 454.26 456.82 
459.39 461.97 464.56 467.16 469.77 
472.39 475.02 477.66 480.31 482.97 
485.64 488.31 491.0 493.7 496.41 
499.12 501.85 504.59 507.34 510.09 
512.86 515.64 518.43 521.22 524.03 
526.85 529.68 532.51 535.36 538.22 
541.09 543.96 546.85 549.75 552.66 
555.58 558.51 561.45 564.4 567.36 
570.33 573.31 576.3 579.3 582.31 
585.34 588.37 591.41 594.47 597.53 
600.6 603.69 606.79 609.89 613.01 
616.14 619.28 622.42 625.58 628.75 
631.93 635.13 638.33 641.54 644.77 
648.0 651.25 654.5 657.77 661.05 
664.34 667.64 670.95 674.27 677.6 
680.94 684.3 687.66 691.04 694.43 
697.83 701.23 704.66 708.09 711.53 
714.98 718.45 721.93 725.41 728.91 
732.42 735.94 739.48 743.02 746.57 
750.14 753.72 757.31 760.91 764.52 
768.14 771.78 775.42 779.08 782.75 
786.43 790.12 793.83 797.54 801.27 
805.01 808.76 812.52 816.29 820.08 
823.87 827.68 831.5 835.34 839.18 
843.03 846.9 850.78 854.67 858.57 
862.49 866.41 870.35 874.3 878.26 
882.24 886.22 890.22 894.23 898.25 
902.29 906.34 910.39 914.46 918.55 
922.64 926.75 930.87 935.0 939.14 
943.3 947.46 951.64 955.84 960.04 
964.26 968.49 972.73 976.98 981.25 
985.53 989.82 994.12 998.44 1002.77 
1007.11 1011.46 1015.83 1020.21 1024.6 
1029.0 1033.42 1037.85 1042.29 1046.74 
1051.21 1055.69 1060.18 1064.68 1069.2 
1073.73 1078.28 1082.83 1087.4 1091.98 
1096.58 1101.19 1105.81 1110.44 1115.08 
1119.74 1124.42 1129.1 1133.8 1138.51 
1143.23 1147.97 1152.72 1157.49 1162.26 
1167.05 1171.85 1176.67 1181.5 1186.34 
1191.2 1196.06 1200.95 1205.84 1210.75 
1215.67 1220.61 1225.56 1230.52 1235.49 
1240.48 1245.48 1250.5 1255.53 1260.57 
1265.62 1270.69 1275.78 1280.87 1285.98 
1291.11 1296.24 1301.39 1306.56 1311.74 
1316.93 1322.13 1327.35 1332.58 1337.83 
1343.09 1348.37 1353.65 1358.95 1364.27 
1369.6 1374.94 1380.3 1385.67 1391.05 
1396.45 1401.87 1407.29 1412.73 1418.19 
1423.66 1429.14 1434.64 1440.15 1445.67 
1451.21 1456.76 1462.33 1467.91 1473.51 
1479.12 1484.74 1490.38 1496.03 1501.7 
1507.38 1513.08 1518.78 1524.51 1530.25 
1536.0 1541.77 1547.55 1553.34 1559.16 
1564.98 1570.82 1576.67 1582.54 1588.43 
1594.32 1600.24 1606.16 1612.1 1618.06 
1624.03 1630.02 1636.02 1642.03 1648.06 
1654.1 1660.16 1666.24 1672.33 1678.43 
1684.55 1690.68 1696.83 1702.99 1709.17 
1715.36 1721.57 1727.79 1734.03 1740.28 
1746.55 1752.83 1759.13 1765.44 1771.77 
1778.11 1784.47 1790.84 1797.23 1803.63 
1810.05 1816.49 1822.94 1829.4 1835.88 
1842.37 1848.89 1855.41 1861.95 1868.51 
1875.08 1881.67 1888.27 1894.89 1901.52 
1908.17 1914.83 1921.51 1928.21 1934.92 
1941.64 1948.39 1955.14 1961.92 1968.7 
1975.51 1982.33 1989.16 1996.02 2002.88 
2009.77 2016.66 2023.58 2030.51 2037.45 
2044.42 2051.39 2058.39 2065.4 2072.42 
2079.46 2086.52 2093.59 2100.68 2107.79 
2114.91 2122.04 2129.2 2136.37 2143.55 
2150.75 2157.97 2165.2 2172.45 2179.72 
2187.0 2194.3 2201.61 2208.94 2216.29 
2223.65 2231.03 2238.43 2245.84 2253.27 
2260.71 2268.17 2275.65 2283.15 2290.66 
2298.18 2305.73 2313.29 2320.86 2328.45 
2336.06 2343.69 2351.33 2358.99 2366.67 
2374.36 2382.07 2389.79 2397.54 2405.3 
2413.07 2420.86 2428.67 2436.5 2444.34 
2452.2 2460.08 2467.97 2475.88 2483.81 
2491.75 2499.71 2507.69 2515.69 2523.7 
2531.73 2539.77 2547.83 2555.91 2564.01 
2572.12 2580.26 2588.4 2596.57 2604.75 
2612.95 2621.17 2629.4 2637.65 2645.92 
2654.21 2662.51 2670.83 2679.17 2687.52 
2695.9 2704.29 2712.69 2721.12 2729.56 
2738.02 2746.5 2754.99 2763.5 2772.03 
2780.58 2789.14 2797.72 2806.32 2814.94 
2823.58 2832.23 2840.9 2849.59 2858.29 
2867.01 2875.76 2884.51 2893.29 2902.09 
2910.9 2919.73 2928.57 2937.44 2946.32 
2955.22 2964.14 2973.08 2982.04 2991.01 
3000.0 